等级	技能战力系数	攻击	护甲	技防	生命	无视护甲%	无视技防%	暴击伤害%	暴击减伤%	移动速度	攻击速度	伤害加成%	伤害减免%	技能暴击率%	负面抗性%	治疗加成%	掉落道具加成	掉落金币加成	初始怒气	怒气回复%	命中几率%	闪避几率%	暴击几率%	抗暴几率%	移动速度%	攻击速度%	PvP伤害加成%	PvP伤害减免%	技能伤害加成%	技能伤害减免%
level	sPrC	aPrC1	aPrC2	aPrC3	aPrC4	aPrC5	aPrC6	aPrC7	aPrC8	aPrC9	aPrC10	aPrC11	aPrC12	aPrC13	aPrC14	aPrC15	aPrC16	aPrC17	aPrC18	aPrC19	aPrC20	aPrC21	aPrC22	aPrC23	aPrC24	aPrC25	aPrC26	aPrC27	aPrC28	aPrC29
Int	Int	Int	Int	Int	Int	Int	Int	Int	Int	Int	Int	Int	Int	Int	Int	Int	Int	Int	Int	Int	Int	Int	Int	Int	Int	Int	Int	Int	Int	Int
1	9	3	3	3	3	2833	2833	2833	2833	0	0	1416	1416	2833	2833	2833	0	0	2833	2833	1416	1416	1416	1416	2833	2833	1416	1416	708	708
2	12	3	3	3	3	2833	2833	2833	2833	0	0	1416	1416	2833	2833	2833	0	0	2833	2833	1416	1416	1416	1416	2833	2833	1416	1416	708	708
3	12	3	3	3	3	2833	2833	2833	2833	0	0	1416	1416	2833	2833	2833	0	0	2833	2833	1416	1416	1416	1416	2833	2833	1416	1416	708	708
4	12	3	3	3	3	2833	2833	2833	2833	0	0	1416	1416	2833	2833	2833	0	0	2833	2833	1416	1416	1416	1416	2833	2833	1416	1416	708	708
5	12	3	3	3	3	2833	2833	2833	2833	0	0	1416	1416	2833	2833	2833	0	0	2833	2833	1416	1416	1416	1416	2833	2833	1416	1416	708	708
6	12	3	3	3	3	2833	2833	2833	2833	0	0	1416	1416	2833	2833	2833	0	0	2833	2833	1416	1416	1416	1416	2833	2833	1416	1416	708	708
7	15	3	3	3	3	2833	2833	2833	2833	0	0	1416	1416	2833	2833	2833	0	0	2833	2833	1416	1416	1416	1416	2833	2833	1416	1416	708	708
8	15	3	3	3	3	2833	2833	2833	2833	0	0	1416	1416	2833	2833	2833	0	0	2833	2833	1416	1416	1416	1416	2833	2833	1416	1416	708	708
9	15	3	3	3	3	2833	2833	2833	2833	0	0	1416	1416	2833	2833	2833	0	0	2833	2833	1416	1416	1416	1416	2833	2833	1416	1416	708	708
10	15	3	3	3	3	2833	2833	2833	2833	0	0	1416	1416	2833	2833	2833	0	0	2833	2833	1416	1416	1416	1416	2833	2833	1416	1416	708	708
11	24	3	3	3	3	2833	2833	2833	2833	0	0	1416	1416	2833	2833	2833	0	0	2833	2833	1416	1416	1416	1416	2833	2833	1416	1416	708	708
12	24	3	3	3	3	2833	2833	2833	2833	0	0	1416	1416	2833	2833	2833	0	0	2833	2833	1416	1416	1416	1416	2833	2833	1416	1416	708	708
13	27	3	3	3	3	2833	2833	2833	2833	0	0	1416	1416	2833	2833	2833	0	0	2833	2833	1416	1416	1416	1416	2833	2833	1416	1416	708	708
14	27	3	3	3	3	2833	2833	2833	2833	0	0	1416	1416	2833	2833	2833	0	0	2833	2833	1416	1416	1416	1416	2833	2833	1416	1416	708	708
15	27	3	3	3	3	2833	2833	2833	2833	0	0	1416	1416	2833	2833	2833	0	0	2833	2833	1416	1416	1416	1416	2833	2833	1416	1416	708	708
16	36	3	3	3	3	2833	2833	2833	2833	0	0	1416	1416	2833	2833	2833	0	0	2833	2833	1416	1416	1416	1416	2833	2833	1416	1416	708	708
17	36	3	3	3	3	2833	2833	2833	2833	0	0	1416	1416	2833	2833	2833	0	0	2833	2833	1416	1416	1416	1416	2833	2833	1416	1416	708	708
18	36	3	3	3	3	2833	2833	2833	2833	0	0	1416	1416	2833	2833	2833	0	0	2833	2833	1416	1416	1416	1416	2833	2833	1416	1416	708	708
19	36	3	3	3	3	2833	2833	2833	2833	0	0	1416	1416	2833	2833	2833	0	0	2833	2833	1416	1416	1416	1416	2833	2833	1416	1416	708	708
20	36	3	3	3	3	2833	2833	2833	2833	0	0	1416	1416	2833	2833	2833	0	0	2833	2833	1416	1416	1416	1416	2833	2833	1416	1416	708	708
21	45	3	3	3	3	2833	2833	2833	2833	0	0	1416	1416	2833	2833	2833	0	0	2833	2833	1416	1416	1416	1416	2833	2833	1416	1416	708	708
22	48	3	3	3	3	2833	2833	2833	2833	0	0	1416	1416	2833	2833	2833	0	0	2833	2833	1416	1416	1416	1416	2833	2833	1416	1416	708	708
23	48	3	3	3	3	2833	2833	2833	2833	0	0	1416	1416	2833	2833	2833	0	0	2833	2833	1416	1416	1416	1416	2833	2833	1416	1416	708	708
24	48	3	3	3	3	2833	2833	2833	2833	0	0	1416	1416	2833	2833	2833	0	0	2833	2833	1416	1416	1416	1416	2833	2833	1416	1416	708	708
25	48	3	3	3	3	2833	2833	2833	2833	0	0	1416	1416	2833	2833	2833	0	0	2833	2833	1416	1416	1416	1416	2833	2833	1416	1416	708	708
26	51	3	3	3	3	2833	2833	2833	2833	0	0	1416	1416	2833	2833	2833	0	0	2833	2833	1416	1416	1416	1416	2833	2833	1416	1416	708	708
27	51	3	3	3	3	2833	2833	2833	2833	0	0	1416	1416	2833	2833	2833	0	0	2833	2833	1416	1416	1416	1416	2833	2833	1416	1416	708	708
28	51	3	3	3	3	2833	2833	2833	2833	0	0	1416	1416	2833	2833	2833	0	0	2833	2833	1416	1416	1416	1416	2833	2833	1416	1416	708	708
29	54	3	3	3	3	2833	2833	2833	2833	0	0	1416	1416	2833	2833	2833	0	0	2833	2833	1416	1416	1416	1416	2833	2833	1416	1416	708	708
30	54	3	3	3	3	2833	2833	2833	2833	0	0	1416	1416	2833	2833	2833	0	0	2833	2833	1416	1416	1416	1416	2833	2833	1416	1416	708	708
31	57	3	3	3	3	2833	2833	2833	2833	0	0	1416	1416	2833	2833	2833	0	0	2833	2833	1416	1416	1416	1416	2833	2833	1416	1416	708	708
32	60	3	3	3	3	2833	2833	2833	2833	0	0	1416	1416	2833	2833	2833	0	0	2833	2833	1416	1416	1416	1416	2833	2833	1416	1416	708	708
33	63	3	3	3	3	2833	2833	2833	2833	0	0	1416	1416	2833	2833	2833	0	0	2833	2833	1416	1416	1416	1416	2833	2833	1416	1416	708	708
34	66	3	3	3	3	2833	2833	2833	2833	0	0	1416	1416	2833	2833	2833	0	0	2833	2833	1416	1416	1416	1416	2833	2833	1416	1416	708	708
35	75	3	3	3	3	2833	2833	2833	2833	0	0	1416	1416	2833	2833	2833	0	0	2833	2833	1416	1416	1416	1416	2833	2833	1416	1416	708	708
36	78	3	3	3	3	2833	2833	2833	2833	0	0	1416	1416	2833	2833	2833	0	0	2833	2833	1416	1416	1416	1416	2833	2833	1416	1416	708	708
37	81	3	3	3	3	2833	2833	2833	2833	0	0	1416	1416	2833	2833	2833	0	0	2833	2833	1416	1416	1416	1416	2833	2833	1416	1416	708	708
38	84	3	3	3	3	2833	2833	2833	2833	0	0	1416	1416	2833	2833	2833	0	0	2833	2833	1416	1416	1416	1416	2833	2833	1416	1416	708	708
39	87	3	3	3	3	2833	2833	2833	2833	0	0	1416	1416	2833	2833	2833	0	0	2833	2833	1416	1416	1416	1416	2833	2833	1416	1416	708	708
40	90	3	3	3	3	2833	2833	2833	2833	0	0	1416	1416	2833	2833	2833	0	0	2833	2833	1416	1416	1416	1416	2833	2833	1416	1416	708	708
41	93	3	3	3	3	2833	2833	2833	2833	0	0	1416	1416	2833	2833	2833	0	0	2833	2833	1416	1416	1416	1416	2833	2833	1416	1416	708	708
42	99	3	3	3	3	2833	2833	2833	2833	0	0	1416	1416	2833	2833	2833	0	0	2833	2833	1416	1416	1416	1416	2833	2833	1416	1416	708	708
43	108	3	3	3	3	2833	2833	2833	2833	0	0	1416	1416	2833	2833	2833	0	0	2833	2833	1416	1416	1416	1416	2833	2833	1416	1416	708	708
44	111	3	3	3	3	2833	2833	2833	2833	0	0	1416	1416	2833	2833	2833	0	0	2833	2833	1416	1416	1416	1416	2833	2833	1416	1416	708	708
45	117	3	3	3	3	2833	2833	2833	2833	0	0	1416	1416	2833	2833	2833	0	0	2833	2833	1416	1416	1416	1416	2833	2833	1416	1416	708	708
46	120	3	3	3	3	2833	2833	2833	2833	0	0	1416	1416	2833	2833	2833	0	0	2833	2833	1416	1416	1416	1416	2833	2833	1416	1416	708	708
47	123	3	3	3	3	2833	2833	2833	2833	0	0	1416	1416	2833	2833	2833	0	0	2833	2833	1416	1416	1416	1416	2833	2833	1416	1416	708	708
48	126	3	3	3	3	2833	2833	2833	2833	0	0	1416	1416	2833	2833	2833	0	0	2833	2833	1416	1416	1416	1416	2833	2833	1416	1416	708	708
49	129	3	3	3	3	2833	2833	2833	2833	0	0	1416	1416	2833	2833	2833	0	0	2833	2833	1416	1416	1416	1416	2833	2833	1416	1416	708	708
50	135	3	3	3	3	2833	2833	2833	2833	0	0	1416	1416	2833	2833	2833	0	0	2833	2833	1416	1416	1416	1416	2833	2833	1416	1416	708	708
51	189	3	3	3	3	2833	2833	2833	2833	0	0	1416	1416	2833	2833	2833	0	0	2833	2833	1416	1416	1416	1416	2833	2833	1416	1416	708	708
52	195	3	3	3	3	2833	2833	2833	2833	0	0	1416	1416	2833	2833	2833	0	0	2833	2833	1416	1416	1416	1416	2833	2833	1416	1416	708	708
53	201	3	3	3	3	2833	2833	2833	2833	0	0	1416	1416	2833	2833	2833	0	0	2833	2833	1416	1416	1416	1416	2833	2833	1416	1416	708	708
54	207	3	3	3	3	2833	2833	2833	2833	0	0	1416	1416	2833	2833	2833	0	0	2833	2833	1416	1416	1416	1416	2833	2833	1416	1416	708	708
55	216	3	3	3	3	2833	2833	2833	2833	0	0	1416	1416	2833	2833	2833	0	0	2833	2833	1416	1416	1416	1416	2833	2833	1416	1416	708	708
56	222	3	3	3	3	2833	2833	2833	2833	0	0	1416	1416	2833	2833	2833	0	0	2833	2833	1416	1416	1416	1416	2833	2833	1416	1416	708	708
57	228	3	3	3	3	2833	2833	2833	2833	0	0	1416	1416	2833	2833	2833	0	0	2833	2833	1416	1416	1416	1416	2833	2833	1416	1416	708	708
58	234	3	3	3	3	2833	2833	2833	2833	0	0	1416	1416	2833	2833	2833	0	0	2833	2833	1416	1416	1416	1416	2833	2833	1416	1416	708	708
59	243	3	3	3	3	2833	2833	2833	2833	0	0	1416	1416	2833	2833	2833	0	0	2833	2833	1416	1416	1416	1416	2833	2833	1416	1416	708	708
60	258	3	3	3	3	2833	2833	2833	2833	0	0	1416	1416	2833	2833	2833	0	0	2833	2833	1416	1416	1416	1416	2833	2833	1416	1416	708	708
61	279	3	3	3	3	2833	2833	2833	2833	0	0	1416	1416	2833	2833	2833	0	0	2833	2833	1416	1416	1416	1416	2833	2833	1416	1416	708	708
62	297	3	3	3	3	2833	2833	2833	2833	0	0	1416	1416	2833	2833	2833	0	0	2833	2833	1416	1416	1416	1416	2833	2833	1416	1416	708	708
63	312	3	3	3	3	2833	2833	2833	2833	0	0	1416	1416	2833	2833	2833	0	0	2833	2833	1416	1416	1416	1416	2833	2833	1416	1416	708	708
64	330	3	3	3	3	2833	2833	2833	2833	0	0	1416	1416	2833	2833	2833	0	0	2833	2833	1416	1416	1416	1416	2833	2833	1416	1416	708	708
65	345	3	3	3	3	2833	2833	2833	2833	0	0	1416	1416	2833	2833	2833	0	0	2833	2833	1416	1416	1416	1416	2833	2833	1416	1416	708	708
66	360	3	3	3	3	2833	2833	2833	2833	0	0	1416	1416	2833	2833	2833	0	0	2833	2833	1416	1416	1416	1416	2833	2833	1416	1416	708	708
67	375	3	3	3	3	2833	2833	2833	2833	0	0	1416	1416	2833	2833	2833	0	0	2833	2833	1416	1416	1416	1416	2833	2833	1416	1416	708	708
68	393	3	3	3	3	2833	2833	2833	2833	0	0	1416	1416	2833	2833	2833	0	0	2833	2833	1416	1416	1416	1416	2833	2833	1416	1416	708	708
69	408	3	3	3	3	2833	2833	2833	2833	0	0	1416	1416	2833	2833	2833	0	0	2833	2833	1416	1416	1416	1416	2833	2833	1416	1416	708	708
70	423	3	3	3	3	2833	2833	2833	2833	0	0	1416	1416	2833	2833	2833	0	0	2833	2833	1416	1416	1416	1416	2833	2833	1416	1416	708	708
71	621	3	3	3	3	2833	2833	2833	2833	0	0	1416	1416	2833	2833	2833	0	0	2833	2833	1416	1416	1416	1416	2833	2833	1416	1416	708	708
72	648	3	3	3	3	2833	2833	2833	2833	0	0	1416	1416	2833	2833	2833	0	0	2833	2833	1416	1416	1416	1416	2833	2833	1416	1416	708	708
73	669	3	3	3	3	2833	2833	2833	2833	0	0	1416	1416	2833	2833	2833	0	0	2833	2833	1416	1416	1416	1416	2833	2833	1416	1416	708	708
74	687	3	3	3	3	2833	2833	2833	2833	0	0	1416	1416	2833	2833	2833	0	0	2833	2833	1416	1416	1416	1416	2833	2833	1416	1416	708	708
75	708	3	3	3	3	2833	2833	2833	2833	0	0	1416	1416	2833	2833	2833	0	0	2833	2833	1416	1416	1416	1416	2833	2833	1416	1416	708	708
76	729	3	3	3	3	2833	2833	2833	2833	0	0	1416	1416	2833	2833	2833	0	0	2833	2833	1416	1416	1416	1416	2833	2833	1416	1416	708	708
77	747	3	3	3	3	2833	2833	2833	2833	0	0	1416	1416	2833	2833	2833	0	0	2833	2833	1416	1416	1416	1416	2833	2833	1416	1416	708	708
78	768	3	3	3	3	2833	2833	2833	2833	0	0	1416	1416	2833	2833	2833	0	0	2833	2833	1416	1416	1416	1416	2833	2833	1416	1416	708	708
79	993	3	3	3	3	2833	2833	2833	2833	0	0	1416	1416	2833	2833	2833	0	0	2833	2833	1416	1416	1416	1416	2833	2833	1416	1416	708	708
80	1041	3	3	3	3	2833	2833	2833	2833	0	0	1416	1416	2833	2833	2833	0	0	2833	2833	1416	1416	1416	1416	2833	2833	1416	1416	708	708
81	1065	3	3	3	3	2833	2833	2833	2833	0	0	1416	1416	2833	2833	2833	0	0	2833	2833	1416	1416	1416	1416	2833	2833	1416	1416	708	708
82	1101	3	3	3	3	2833	2833	2833	2833	0	0	1416	1416	2833	2833	2833	0	0	2833	2833	1416	1416	1416	1416	2833	2833	1416	1416	708	708
83	1122	3	3	3	3	2833	2833	2833	2833	0	0	1416	1416	2833	2833	2833	0	0	2833	2833	1416	1416	1416	1416	2833	2833	1416	1416	708	708
84	1143	3	3	3	3	2833	2833	2833	2833	0	0	1416	1416	2833	2833	2833	0	0	2833	2833	1416	1416	1416	1416	2833	2833	1416	1416	708	708
85	1167	3	3	3	3	2833	2833	2833	2833	0	0	1416	1416	2833	2833	2833	0	0	2833	2833	1416	1416	1416	1416	2833	2833	1416	1416	708	708
86	1188	3	3	3	3	2833	2833	2833	2833	0	0	1416	1416	2833	2833	2833	0	0	2833	2833	1416	1416	1416	1416	2833	2833	1416	1416	708	708
87	1212	3	3	3	3	2833	2833	2833	2833	0	0	1416	1416	2833	2833	2833	0	0	2833	2833	1416	1416	1416	1416	2833	2833	1416	1416	708	708
88	1350	3	3	3	3	2833	2833	2833	2833	0	0	1416	1416	2833	2833	2833	0	0	2833	2833	1416	1416	1416	1416	2833	2833	1416	1416	708	708
89	1371	3	3	3	3	2833	2833	2833	2833	0	0	1416	1416	2833	2833	2833	0	0	2833	2833	1416	1416	1416	1416	2833	2833	1416	1416	708	708
90	1395	3	3	3	3	2833	2833	2833	2833	0	0	1416	1416	2833	2833	2833	0	0	2833	2833	1416	1416	1416	1416	2833	2833	1416	1416	708	708
91	1464	3	3	3	3	2833	2833	2833	2833	0	0	1416	1416	2833	2833	2833	0	0	2833	2833	1416	1416	1416	1416	2833	2833	1416	1416	708	708
92	1488	3	3	3	3	2833	2833	2833	2833	0	0	1416	1416	2833	2833	2833	0	0	2833	2833	1416	1416	1416	1416	2833	2833	1416	1416	708	708
93	1512	3	3	3	3	2833	2833	2833	2833	0	0	1416	1416	2833	2833	2833	0	0	2833	2833	1416	1416	1416	1416	2833	2833	1416	1416	708	708
94	1533	3	3	3	3	2833	2833	2833	2833	0	0	1416	1416	2833	2833	2833	0	0	2833	2833	1416	1416	1416	1416	2833	2833	1416	1416	708	708
95	1575	3	3	3	3	2833	2833	2833	2833	0	0	1416	1416	2833	2833	2833	0	0	2833	2833	1416	1416	1416	1416	2833	2833	1416	1416	708	708
96	1596	3	3	3	3	2833	2833	2833	2833	0	0	1416	1416	2833	2833	2833	0	0	2833	2833	1416	1416	1416	1416	2833	2833	1416	1416	708	708
97	1617	3	3	3	3	2833	2833	2833	2833	0	0	1416	1416	2833	2833	2833	0	0	2833	2833	1416	1416	1416	1416	2833	2833	1416	1416	708	708
98	1641	3	3	3	3	2833	2833	2833	2833	0	0	1416	1416	2833	2833	2833	0	0	2833	2833	1416	1416	1416	1416	2833	2833	1416	1416	708	708
99	1662	3	3	3	3	2833	2833	2833	2833	0	0	1416	1416	2833	2833	2833	0	0	2833	2833	1416	1416	1416	1416	2833	2833	1416	1416	708	708
100	1737	3	3	3	3	2833	2833	2833	2833	0	0	1416	1416	2833	2833	2833	0	0	2833	2833	1416	1416	1416	1416	2833	2833	1416	1416	708	708
101	2337	3	3	3	3	2833	2833	2833	2833	0	0	1416	1416	2833	2833	2833	0	0	2833	2833	1416	1416	1416	1416	2833	2833	1416	1416	708	708
102	2379	3	3	3	3	2833	2833	2833	2833	0	0	1416	1416	2833	2833	2833	0	0	2833	2833	1416	1416	1416	1416	2833	2833	1416	1416	708	708
103	2424	3	3	3	3	2833	2833	2833	2833	0	0	1416	1416	2833	2833	2833	0	0	2833	2833	1416	1416	1416	1416	2833	2833	1416	1416	708	708
104	2469	3	3	3	3	2833	2833	2833	2833	0	0	1416	1416	2833	2833	2833	0	0	2833	2833	1416	1416	1416	1416	2833	2833	1416	1416	708	708
105	2538	3	3	3	3	2833	2833	2833	2833	0	0	1416	1416	2833	2833	2833	0	0	2833	2833	1416	1416	1416	1416	2833	2833	1416	1416	708	708
106	2583	3	3	3	3	2833	2833	2833	2833	0	0	1416	1416	2833	2833	2833	0	0	2833	2833	1416	1416	1416	1416	2833	2833	1416	1416	708	708
107	2670	3	3	3	3	2833	2833	2833	2833	0	0	1416	1416	2833	2833	2833	0	0	2833	2833	1416	1416	1416	1416	2833	2833	1416	1416	708	708
108	2715	3	3	3	3	2833	2833	2833	2833	0	0	1416	1416	2833	2833	2833	0	0	2833	2833	1416	1416	1416	1416	2833	2833	1416	1416	708	708
109	2760	3	3	3	3	2833	2833	2833	2833	0	0	1416	1416	2833	2833	2833	0	0	2833	2833	1416	1416	1416	1416	2833	2833	1416	1416	708	708
110	2805	3	3	3	3	2833	2833	2833	2833	0	0	1416	1416	2833	2833	2833	0	0	2833	2833	1416	1416	1416	1416	2833	2833	1416	1416	708	708
111	2850	3	3	3	3	2833	2833	2833	2833	0	0	1416	1416	2833	2833	2833	0	0	2833	2833	1416	1416	1416	1416	2833	2833	1416	1416	708	708
112	2895	3	3	3	3	2833	2833	2833	2833	0	0	1416	1416	2833	2833	2833	0	0	2833	2833	1416	1416	1416	1416	2833	2833	1416	1416	708	708
113	2943	3	3	3	3	2833	2833	2833	2833	0	0	1416	1416	2833	2833	2833	0	0	2833	2833	1416	1416	1416	1416	2833	2833	1416	1416	708	708
114	3060	3	3	3	3	2833	2833	2833	2833	0	0	1416	1416	2833	2833	2833	0	0	2833	2833	1416	1416	1416	1416	2833	2833	1416	1416	708	708
115	3108	3	3	3	3	2833	2833	2833	2833	0	0	1416	1416	2833	2833	2833	0	0	2833	2833	1416	1416	1416	1416	2833	2833	1416	1416	708	708
116	3153	3	3	3	3	2833	2833	2833	2833	0	0	1416	1416	2833	2833	2833	0	0	2833	2833	1416	1416	1416	1416	2833	2833	1416	1416	708	708
117	3201	3	3	3	3	2833	2833	2833	2833	0	0	1416	1416	2833	2833	2833	0	0	2833	2833	1416	1416	1416	1416	2833	2833	1416	1416	708	708
118	3246	3	3	3	3	2833	2833	2833	2833	0	0	1416	1416	2833	2833	2833	0	0	2833	2833	1416	1416	1416	1416	2833	2833	1416	1416	708	708
119	3294	3	3	3	3	2833	2833	2833	2833	0	0	1416	1416	2833	2833	2833	0	0	2833	2833	1416	1416	1416	1416	2833	2833	1416	1416	708	708
120	3348	3	3	3	3	2833	2833	2833	2833	0	0	1416	1416	2833	2833	2833	0	0	2833	2833	1416	1416	1416	1416	2833	2833	1416	1416	708	708
121	3468	3	3	3	3	2833	2833	2833	2833	0	0	1416	1416	2833	2833	2833	0	0	2833	2833	1416	1416	1416	1416	2833	2833	1416	1416	708	708
122	3561	3	3	3	3	2833	2833	2833	2833	0	0	1416	1416	2833	2833	2833	0	0	2833	2833	1416	1416	1416	1416	2833	2833	1416	1416	708	708
123	3624	3	3	3	3	2833	2833	2833	2833	0	0	1416	1416	2833	2833	2833	0	0	2833	2833	1416	1416	1416	1416	2833	2833	1416	1416	708	708
124	3684	3	3	3	3	2833	2833	2833	2833	0	0	1416	1416	2833	2833	2833	0	0	2833	2833	1416	1416	1416	1416	2833	2833	1416	1416	708	708
125	3747	3	3	3	3	2833	2833	2833	2833	0	0	1416	1416	2833	2833	2833	0	0	2833	2833	1416	1416	1416	1416	2833	2833	1416	1416	708	708
126	3855	3	3	3	3	2833	2833	2833	2833	0	0	1416	1416	2833	2833	2833	0	0	2833	2833	1416	1416	1416	1416	2833	2833	1416	1416	708	708
127	3918	3	3	3	3	2833	2833	2833	2833	0	0	1416	1416	2833	2833	2833	0	0	2833	2833	1416	1416	1416	1416	2833	2833	1416	1416	708	708
128	3981	3	3	3	3	2833	2833	2833	2833	0	0	1416	1416	2833	2833	2833	0	0	2833	2833	1416	1416	1416	1416	2833	2833	1416	1416	708	708
129	4083	3	3	3	3	2833	2833	2833	2833	0	0	1416	1416	2833	2833	2833	0	0	2833	2833	1416	1416	1416	1416	2833	2833	1416	1416	708	708
130	4146	3	3	3	3	2833	2833	2833	2833	0	0	1416	1416	2833	2833	2833	0	0	2833	2833	1416	1416	1416	1416	2833	2833	1416	1416	708	708
131	4212	3	3	3	3	2833	2833	2833	2833	0	0	1416	1416	2833	2833	2833	0	0	2833	2833	1416	1416	1416	1416	2833	2833	1416	1416	708	708
132	4323	3	3	3	3	2833	2833	2833	2833	0	0	1416	1416	2833	2833	2833	0	0	2833	2833	1416	1416	1416	1416	2833	2833	1416	1416	708	708
133	4389	3	3	3	3	2833	2833	2833	2833	0	0	1416	1416	2833	2833	2833	0	0	2833	2833	1416	1416	1416	1416	2833	2833	1416	1416	708	708
134	4455	3	3	3	3	2833	2833	2833	2833	0	0	1416	1416	2833	2833	2833	0	0	2833	2833	1416	1416	1416	1416	2833	2833	1416	1416	708	708
135	4560	3	3	3	3	2833	2833	2833	2833	0	0	1416	1416	2833	2833	2833	0	0	2833	2833	1416	1416	1416	1416	2833	2833	1416	1416	708	708
136	4629	3	3	3	3	2833	2833	2833	2833	0	0	1416	1416	2833	2833	2833	0	0	2833	2833	1416	1416	1416	1416	2833	2833	1416	1416	708	708
137	4740	3	3	3	3	2833	2833	2833	2833	0	0	1416	1416	2833	2833	2833	0	0	2833	2833	1416	1416	1416	1416	2833	2833	1416	1416	708	708
138	4809	3	3	3	3	2833	2833	2833	2833	0	0	1416	1416	2833	2833	2833	0	0	2833	2833	1416	1416	1416	1416	2833	2833	1416	1416	708	708
139	4878	3	3	3	3	2833	2833	2833	2833	0	0	1416	1416	2833	2833	2833	0	0	2833	2833	1416	1416	1416	1416	2833	2833	1416	1416	708	708
140	4953	3	3	3	3	2833	2833	2833	2833	0	0	1416	1416	2833	2833	2833	0	0	2833	2833	1416	1416	1416	1416	2833	2833	1416	1416	708	708
141	5064	3	3	3	3	2833	2833	2833	2833	0	0	1416	1416	2833	2833	2833	0	0	2833	2833	1416	1416	1416	1416	2833	2833	1416	1416	708	708
142	5175	3	3	3	3	2833	2833	2833	2833	0	0	1416	1416	2833	2833	2833	0	0	2833	2833	1416	1416	1416	1416	2833	2833	1416	1416	708	708
143	5241	3	3	3	3	2833	2833	2833	2833	0	0	1416	1416	2833	2833	2833	0	0	2833	2833	1416	1416	1416	1416	2833	2833	1416	1416	708	708
144	5349	3	3	3	3	2833	2833	2833	2833	0	0	1416	1416	2833	2833	2833	0	0	2833	2833	1416	1416	1416	1416	2833	2833	1416	1416	708	708
145	5418	3	3	3	3	2833	2833	2833	2833	0	0	1416	1416	2833	2833	2833	0	0	2833	2833	1416	1416	1416	1416	2833	2833	1416	1416	708	708
146	5484	3	3	3	3	2833	2833	2833	2833	0	0	1416	1416	2833	2833	2833	0	0	2833	2833	1416	1416	1416	1416	2833	2833	1416	1416	708	708
147	5601	3	3	3	3	2833	2833	2833	2833	0	0	1416	1416	2833	2833	2833	0	0	2833	2833	1416	1416	1416	1416	2833	2833	1416	1416	708	708
148	5667	3	3	3	3	2833	2833	2833	2833	0	0	1416	1416	2833	2833	2833	0	0	2833	2833	1416	1416	1416	1416	2833	2833	1416	1416	708	708
149	5736	3	3	3	3	2833	2833	2833	2833	0	0	1416	1416	2833	2833	2833	0	0	2833	2833	1416	1416	1416	1416	2833	2833	1416	1416	708	708
150	5805	3	3	3	3	2833	2833	2833	2833	0	0	1416	1416	2833	2833	2833	0	0	2833	2833	1416	1416	1416	1416	2833	2833	1416	1416	708	708
151	5871	3	3	3	3	2833	2833	2833	2833	0	0	1416	1416	2833	2833	2833	0	0	2833	2833	1416	1416	1416	1416	2833	2833	1416	1416	708	708
152	5940	3	3	3	3	2833	2833	2833	2833	0	0	1416	1416	2833	2833	2833	0	0	2833	2833	1416	1416	1416	1416	2833	2833	1416	1416	708	708
153	6447	3	3	3	3	2833	2833	2833	2833	0	0	1416	1416	2833	2833	2833	0	0	2833	2833	1416	1416	1416	1416	2833	2833	1416	1416	708	708
154	6516	3	3	3	3	2833	2833	2833	2833	0	0	1416	1416	2833	2833	2833	0	0	2833	2833	1416	1416	1416	1416	2833	2833	1416	1416	708	708
155	6585	3	3	3	3	2833	2833	2833	2833	0	0	1416	1416	2833	2833	2833	0	0	2833	2833	1416	1416	1416	1416	2833	2833	1416	1416	708	708
156	6654	3	3	3	3	2833	2833	2833	2833	0	0	1416	1416	2833	2833	2833	0	0	2833	2833	1416	1416	1416	1416	2833	2833	1416	1416	708	708
157	6723	3	3	3	3	2833	2833	2833	2833	0	0	1416	1416	2833	2833	2833	0	0	2833	2833	1416	1416	1416	1416	2833	2833	1416	1416	708	708
158	6792	3	3	3	3	2833	2833	2833	2833	0	0	1416	1416	2833	2833	2833	0	0	2833	2833	1416	1416	1416	1416	2833	2833	1416	1416	708	708
159	6864	3	3	3	3	2833	2833	2833	2833	0	0	1416	1416	2833	2833	2833	0	0	2833	2833	1416	1416	1416	1416	2833	2833	1416	1416	708	708
160	6942	3	3	3	3	2833	2833	2833	2833	0	0	1416	1416	2833	2833	2833	0	0	2833	2833	1416	1416	1416	1416	2833	2833	1416	1416	708	708
161	7053	3	3	3	3	2833	2833	2833	2833	0	0	1416	1416	2833	2833	2833	0	0	2833	2833	1416	1416	1416	1416	2833	2833	1416	1416	708	708
162	7164	3	3	3	3	2833	2833	2833	2833	0	0	1416	1416	2833	2833	2833	0	0	2833	2833	1416	1416	1416	1416	2833	2833	1416	1416	708	708
163	7281	3	3	3	3	2833	2833	2833	2833	0	0	1416	1416	2833	2833	2833	0	0	2833	2833	1416	1416	1416	1416	2833	2833	1416	1416	708	708
164	7395	3	3	3	3	2833	2833	2833	2833	0	0	1416	1416	2833	2833	2833	0	0	2833	2833	1416	1416	1416	1416	2833	2833	1416	1416	708	708
165	7512	3	3	3	3	2833	2833	2833	2833	0	0	1416	1416	2833	2833	2833	0	0	2833	2833	1416	1416	1416	1416	2833	2833	1416	1416	708	708
166	7626	3	3	3	3	2833	2833	2833	2833	0	0	1416	1416	2833	2833	2833	0	0	2833	2833	1416	1416	1416	1416	2833	2833	1416	1416	708	708
167	7743	3	3	3	3	2833	2833	2833	2833	0	0	1416	1416	2833	2833	2833	0	0	2833	2833	1416	1416	1416	1416	2833	2833	1416	1416	708	708
168	7863	3	3	3	3	2833	2833	2833	2833	0	0	1416	1416	2833	2833	2833	0	0	2833	2833	1416	1416	1416	1416	2833	2833	1416	1416	708	708
169	7980	3	3	3	3	2833	2833	2833	2833	0	0	1416	1416	2833	2833	2833	0	0	2833	2833	1416	1416	1416	1416	2833	2833	1416	1416	708	708
170	8103	3	3	3	3	2833	2833	2833	2833	0	0	1416	1416	2833	2833	2833	0	0	2833	2833	1416	1416	1416	1416	2833	2833	1416	1416	708	708
171	8223	3	3	3	3	2833	2833	2833	2833	0	0	1416	1416	2833	2833	2833	0	0	2833	2833	1416	1416	1416	1416	2833	2833	1416	1416	708	708
172	8346	3	3	3	3	2833	2833	2833	2833	0	0	1416	1416	2833	2833	2833	0	0	2833	2833	1416	1416	1416	1416	2833	2833	1416	1416	708	708
173	8469	3	3	3	3	2833	2833	2833	2833	0	0	1416	1416	2833	2833	2833	0	0	2833	2833	1416	1416	1416	1416	2833	2833	1416	1416	708	708
174	8595	3	3	3	3	2833	2833	2833	2833	0	0	1416	1416	2833	2833	2833	0	0	2833	2833	1416	1416	1416	1416	2833	2833	1416	1416	708	708
175	8718	3	3	3	3	2833	2833	2833	2833	0	0	1416	1416	2833	2833	2833	0	0	2833	2833	1416	1416	1416	1416	2833	2833	1416	1416	708	708
176	8847	3	3	3	3	2833	2833	2833	2833	0	0	1416	1416	2833	2833	2833	0	0	2833	2833	1416	1416	1416	1416	2833	2833	1416	1416	708	708
177	8973	3	3	3	3	2833	2833	2833	2833	0	0	1416	1416	2833	2833	2833	0	0	2833	2833	1416	1416	1416	1416	2833	2833	1416	1416	708	708
178	9102	3	3	3	3	2833	2833	2833	2833	0	0	1416	1416	2833	2833	2833	0	0	2833	2833	1416	1416	1416	1416	2833	2833	1416	1416	708	708
179	9234	3	3	3	3	2833	2833	2833	2833	0	0	1416	1416	2833	2833	2833	0	0	2833	2833	1416	1416	1416	1416	2833	2833	1416	1416	708	708
180	9408	3	3	3	3	2833	2833	2833	2833	0	0	1416	1416	2833	2833	2833	0	0	2833	2833	1416	1416	1416	1416	2833	2833	1416	1416	708	708
181	9624	3	3	3	3	2833	2833	2833	2833	0	0	1416	1416	2833	2833	2833	0	0	2833	2833	1416	1416	1416	1416	2833	2833	1416	1416	708	708
182	9786	3	3	3	3	2833	2833	2833	2833	0	0	1416	1416	2833	2833	2833	0	0	2833	2833	1416	1416	1416	1416	2833	2833	1416	1416	708	708
183	9945	3	3	3	3	2833	2833	2833	2833	0	0	1416	1416	2833	2833	2833	0	0	2833	2833	1416	1416	1416	1416	2833	2833	1416	1416	708	708
184	10110	3	3	3	3	2833	2833	2833	2833	0	0	1416	1416	2833	2833	2833	0	0	2833	2833	1416	1416	1416	1416	2833	2833	1416	1416	708	708
185	10272	3	3	3	3	2833	2833	2833	2833	0	0	1416	1416	2833	2833	2833	0	0	2833	2833	1416	1416	1416	1416	2833	2833	1416	1416	708	708
186	10440	3	3	3	3	2833	2833	2833	2833	0	0	1416	1416	2833	2833	2833	0	0	2833	2833	1416	1416	1416	1416	2833	2833	1416	1416	708	708
187	10605	3	3	3	3	2833	2833	2833	2833	0	0	1416	1416	2833	2833	2833	0	0	2833	2833	1416	1416	1416	1416	2833	2833	1416	1416	708	708
188	10770	3	3	3	3	2833	2833	2833	2833	0	0	1416	1416	2833	2833	2833	0	0	2833	2833	1416	1416	1416	1416	2833	2833	1416	1416	708	708
189	10992	3	3	3	3	2833	2833	2833	2833	0	0	1416	1416	2833	2833	2833	0	0	2833	2833	1416	1416	1416	1416	2833	2833	1416	1416	708	708
190	11157	3	3	3	3	2833	2833	2833	2833	0	0	1416	1416	2833	2833	2833	0	0	2833	2833	1416	1416	1416	1416	2833	2833	1416	1416	708	708
191	11325	3	3	3	3	2833	2833	2833	2833	0	0	1416	1416	2833	2833	2833	0	0	2833	2833	1416	1416	1416	1416	2833	2833	1416	1416	708	708
192	11493	3	3	3	3	2833	2833	2833	2833	0	0	1416	1416	2833	2833	2833	0	0	2833	2833	1416	1416	1416	1416	2833	2833	1416	1416	708	708
193	11661	3	3	3	3	2833	2833	2833	2833	0	0	1416	1416	2833	2833	2833	0	0	2833	2833	1416	1416	1416	1416	2833	2833	1416	1416	708	708
194	11829	3	3	3	3	2833	2833	2833	2833	0	0	1416	1416	2833	2833	2833	0	0	2833	2833	1416	1416	1416	1416	2833	2833	1416	1416	708	708
195	11982	3	3	3	3	2833	2833	2833	2833	0	0	1416	1416	2833	2833	2833	0	0	2833	2833	1416	1416	1416	1416	2833	2833	1416	1416	708	708
196	12138	3	3	3	3	2833	2833	2833	2833	0	0	1416	1416	2833	2833	2833	0	0	2833	2833	1416	1416	1416	1416	2833	2833	1416	1416	708	708
197	12291	3	3	3	3	2833	2833	2833	2833	0	0	1416	1416	2833	2833	2833	0	0	2833	2833	1416	1416	1416	1416	2833	2833	1416	1416	708	708
198	12438	3	3	3	3	2833	2833	2833	2833	0	0	1416	1416	2833	2833	2833	0	0	2833	2833	1416	1416	1416	1416	2833	2833	1416	1416	708	708
199	12588	3	3	3	3	2833	2833	2833	2833	0	0	1416	1416	2833	2833	2833	0	0	2833	2833	1416	1416	1416	1416	2833	2833	1416	1416	708	708
200	12741	3	3	3	3	2833	2833	2833	2833	0	0	1416	1416	2833	2833	2833	0	0	2833	2833	1416	1416	1416	1416	2833	2833	1416	1416	708	708
201	12891	3	3	3	3	2833	2833	2833	2833	0	0	1416	1416	2833	2833	2833	0	0	2833	2833	1416	1416	1416	1416	2833	2833	1416	1416	708	708
202	13044	3	3	3	3	2833	2833	2833	2833	0	0	1416	1416	2833	2833	2833	0	0	2833	2833	1416	1416	1416	1416	2833	2833	1416	1416	708	708
203	13194	3	3	3	3	2833	2833	2833	2833	0	0	1416	1416	2833	2833	2833	0	0	2833	2833	1416	1416	1416	1416	2833	2833	1416	1416	708	708
204	13347	3	3	3	3	2833	2833	2833	2833	0	0	1416	1416	2833	2833	2833	0	0	2833	2833	1416	1416	1416	1416	2833	2833	1416	1416	708	708
205	13500	3	3	3	3	2833	2833	2833	2833	0	0	1416	1416	2833	2833	2833	0	0	2833	2833	1416	1416	1416	1416	2833	2833	1416	1416	708	708
206	13653	3	3	3	3	2833	2833	2833	2833	0	0	1416	1416	2833	2833	2833	0	0	2833	2833	1416	1416	1416	1416	2833	2833	1416	1416	708	708
207	13809	3	3	3	3	2833	2833	2833	2833	0	0	1416	1416	2833	2833	2833	0	0	2833	2833	1416	1416	1416	1416	2833	2833	1416	1416	708	708
208	13962	3	3	3	3	2833	2833	2833	2833	0	0	1416	1416	2833	2833	2833	0	0	2833	2833	1416	1416	1416	1416	2833	2833	1416	1416	708	708
209	14118	3	3	3	3	2833	2833	2833	2833	0	0	1416	1416	2833	2833	2833	0	0	2833	2833	1416	1416	1416	1416	2833	2833	1416	1416	708	708
210	14283	3	3	3	3	2833	2833	2833	2833	0	0	1416	1416	2833	2833	2833	0	0	2833	2833	1416	1416	1416	1416	2833	2833	1416	1416	708	708
211	14460	3	3	3	3	2833	2833	2833	2833	0	0	1416	1416	2833	2833	2833	0	0	2833	2833	1416	1416	1416	1416	2833	2833	1416	1416	708	708
212	14628	3	3	3	3	2833	2833	2833	2833	0	0	1416	1416	2833	2833	2833	0	0	2833	2833	1416	1416	1416	1416	2833	2833	1416	1416	708	708
213	14796	3	3	3	3	2833	2833	2833	2833	0	0	1416	1416	2833	2833	2833	0	0	2833	2833	1416	1416	1416	1416	2833	2833	1416	1416	708	708
214	14967	3	3	3	3	2833	2833	2833	2833	0	0	1416	1416	2833	2833	2833	0	0	2833	2833	1416	1416	1416	1416	2833	2833	1416	1416	708	708
215	15135	3	3	3	3	2833	2833	2833	2833	0	0	1416	1416	2833	2833	2833	0	0	2833	2833	1416	1416	1416	1416	2833	2833	1416	1416	708	708
216	15417	3	3	3	3	2833	2833	2833	2833	0	0	1416	1416	2833	2833	2833	0	0	2833	2833	1416	1416	1416	1416	2833	2833	1416	1416	708	708
217	15588	3	3	3	3	2833	2833	2833	2833	0	0	1416	1416	2833	2833	2833	0	0	2833	2833	1416	1416	1416	1416	2833	2833	1416	1416	708	708
218	15759	3	3	3	3	2833	2833	2833	2833	0	0	1416	1416	2833	2833	2833	0	0	2833	2833	1416	1416	1416	1416	2833	2833	1416	1416	708	708
219	15930	3	3	3	3	2833	2833	2833	2833	0	0	1416	1416	2833	2833	2833	0	0	2833	2833	1416	1416	1416	1416	2833	2833	1416	1416	708	708
220	16104	3	3	3	3	2833	2833	2833	2833	0	0	1416	1416	2833	2833	2833	0	0	2833	2833	1416	1416	1416	1416	2833	2833	1416	1416	708	708
221	16299	3	3	3	3	2833	2833	2833	2833	0	0	1416	1416	2833	2833	2833	0	0	2833	2833	1416	1416	1416	1416	2833	2833	1416	1416	708	708
222	16494	3	3	3	3	2833	2833	2833	2833	0	0	1416	1416	2833	2833	2833	0	0	2833	2833	1416	1416	1416	1416	2833	2833	1416	1416	708	708
223	16689	3	3	3	3	2833	2833	2833	2833	0	0	1416	1416	2833	2833	2833	0	0	2833	2833	1416	1416	1416	1416	2833	2833	1416	1416	708	708
224	16944	3	3	3	3	2833	2833	2833	2833	0	0	1416	1416	2833	2833	2833	0	0	2833	2833	1416	1416	1416	1416	2833	2833	1416	1416	708	708
225	17151	3	3	3	3	2833	2833	2833	2833	0	0	1416	1416	2833	2833	2833	0	0	2833	2833	1416	1416	1416	1416	2833	2833	1416	1416	708	708
226	17361	3	3	3	3	2833	2833	2833	2833	0	0	1416	1416	2833	2833	2833	0	0	2833	2833	1416	1416	1416	1416	2833	2833	1416	1416	708	708
227	17574	3	3	3	3	2833	2833	2833	2833	0	0	1416	1416	2833	2833	2833	0	0	2833	2833	1416	1416	1416	1416	2833	2833	1416	1416	708	708
228	17784	3	3	3	3	2833	2833	2833	2833	0	0	1416	1416	2833	2833	2833	0	0	2833	2833	1416	1416	1416	1416	2833	2833	1416	1416	708	708
229	17997	3	3	3	3	2833	2833	2833	2833	0	0	1416	1416	2833	2833	2833	0	0	2833	2833	1416	1416	1416	1416	2833	2833	1416	1416	708	708
230	18207	3	3	3	3	2833	2833	2833	2833	0	0	1416	1416	2833	2833	2833	0	0	2833	2833	1416	1416	1416	1416	2833	2833	1416	1416	708	708
231	18963	3	3	3	3	2833	2833	2833	2833	0	0	1416	1416	2833	2833	2833	0	0	2833	2833	1416	1416	1416	1416	2833	2833	1416	1416	708	708
232	19173	3	3	3	3	2833	2833	2833	2833	0	0	1416	1416	2833	2833	2833	0	0	2833	2833	1416	1416	1416	1416	2833	2833	1416	1416	708	708
233	19386	3	3	3	3	2833	2833	2833	2833	0	0	1416	1416	2833	2833	2833	0	0	2833	2833	1416	1416	1416	1416	2833	2833	1416	1416	708	708
234	19599	3	3	3	3	2833	2833	2833	2833	0	0	1416	1416	2833	2833	2833	0	0	2833	2833	1416	1416	1416	1416	2833	2833	1416	1416	708	708
235	19812	3	3	3	3	2833	2833	2833	2833	0	0	1416	1416	2833	2833	2833	0	0	2833	2833	1416	1416	1416	1416	2833	2833	1416	1416	708	708
236	20028	3	3	3	3	2833	2833	2833	2833	0	0	1416	1416	2833	2833	2833	0	0	2833	2833	1416	1416	1416	1416	2833	2833	1416	1416	708	708
237	20256	3	3	3	3	2833	2833	2833	2833	0	0	1416	1416	2833	2833	2833	0	0	2833	2833	1416	1416	1416	1416	2833	2833	1416	1416	708	708
238	20472	3	3	3	3	2833	2833	2833	2833	0	0	1416	1416	2833	2833	2833	0	0	2833	2833	1416	1416	1416	1416	2833	2833	1416	1416	708	708
239	20688	3	3	3	3	2833	2833	2833	2833	0	0	1416	1416	2833	2833	2833	0	0	2833	2833	1416	1416	1416	1416	2833	2833	1416	1416	708	708
240	20880	3	3	3	3	2833	2833	2833	2833	0	0	1416	1416	2833	2833	2833	0	0	2833	2833	1416	1416	1416	1416	2833	2833	1416	1416	708	708
241	21159	3	3	3	3	2833	2833	2833	2833	0	0	1416	1416	2833	2833	2833	0	0	2833	2833	1416	1416	1416	1416	2833	2833	1416	1416	708	708
242	21357	3	3	3	3	2833	2833	2833	2833	0	0	1416	1416	2833	2833	2833	0	0	2833	2833	1416	1416	1416	1416	2833	2833	1416	1416	708	708
243	21552	3	3	3	3	2833	2833	2833	2833	0	0	1416	1416	2833	2833	2833	0	0	2833	2833	1416	1416	1416	1416	2833	2833	1416	1416	708	708
244	21747	3	3	3	3	2833	2833	2833	2833	0	0	1416	1416	2833	2833	2833	0	0	2833	2833	1416	1416	1416	1416	2833	2833	1416	1416	708	708
245	21942	3	3	3	3	2833	2833	2833	2833	0	0	1416	1416	2833	2833	2833	0	0	2833	2833	1416	1416	1416	1416	2833	2833	1416	1416	708	708
246	22140	3	3	3	3	2833	2833	2833	2833	0	0	1416	1416	2833	2833	2833	0	0	2833	2833	1416	1416	1416	1416	2833	2833	1416	1416	708	708
247	22335	3	3	3	3	2833	2833	2833	2833	0	0	1416	1416	2833	2833	2833	0	0	2833	2833	1416	1416	1416	1416	2833	2833	1416	1416	708	708
248	22533	3	3	3	3	2833	2833	2833	2833	0	0	1416	1416	2833	2833	2833	0	0	2833	2833	1416	1416	1416	1416	2833	2833	1416	1416	708	708
249	22734	3	3	3	3	2833	2833	2833	2833	0	0	1416	1416	2833	2833	2833	0	0	2833	2833	1416	1416	1416	1416	2833	2833	1416	1416	708	708
250	22932	3	3	3	3	2833	2833	2833	2833	0	0	1416	1416	2833	2833	2833	0	0	2833	2833	1416	1416	1416	1416	2833	2833	1416	1416	708	708
251	23133	3	3	3	3	2833	2833	2833	2833	0	0	1416	1416	2833	2833	2833	0	0	2833	2833	1416	1416	1416	1416	2833	2833	1416	1416	708	708
252	23334	3	3	3	3	2833	2833	2833	2833	0	0	1416	1416	2833	2833	2833	0	0	2833	2833	1416	1416	1416	1416	2833	2833	1416	1416	708	708
253	23592	3	3	3	3	2833	2833	2833	2833	0	0	1416	1416	2833	2833	2833	0	0	2833	2833	1416	1416	1416	1416	2833	2833	1416	1416	708	708
254	23793	3	3	3	3	2833	2833	2833	2833	0	0	1416	1416	2833	2833	2833	0	0	2833	2833	1416	1416	1416	1416	2833	2833	1416	1416	708	708
255	23997	3	3	3	3	2833	2833	2833	2833	0	0	1416	1416	2833	2833	2833	0	0	2833	2833	1416	1416	1416	1416	2833	2833	1416	1416	708	708
256	24198	3	3	3	3	2833	2833	2833	2833	0	0	1416	1416	2833	2833	2833	0	0	2833	2833	1416	1416	1416	1416	2833	2833	1416	1416	708	708
257	24402	3	3	3	3	2833	2833	2833	2833	0	0	1416	1416	2833	2833	2833	0	0	2833	2833	1416	1416	1416	1416	2833	2833	1416	1416	708	708
258	24606	3	3	3	3	2833	2833	2833	2833	0	0	1416	1416	2833	2833	2833	0	0	2833	2833	1416	1416	1416	1416	2833	2833	1416	1416	708	708
259	24810	3	3	3	3	2833	2833	2833	2833	0	0	1416	1416	2833	2833	2833	0	0	2833	2833	1416	1416	1416	1416	2833	2833	1416	1416	708	708
260	25014	3	3	3	3	2833	2833	2833	2833	0	0	1416	1416	2833	2833	2833	0	0	2833	2833	1416	1416	1416	1416	2833	2833	1416	1416	708	708
261	25239	3	3	3	3	2833	2833	2833	2833	0	0	1416	1416	2833	2833	2833	0	0	2833	2833	1416	1416	1416	1416	2833	2833	1416	1416	708	708
262	25446	3	3	3	3	2833	2833	2833	2833	0	0	1416	1416	2833	2833	2833	0	0	2833	2833	1416	1416	1416	1416	2833	2833	1416	1416	708	708
263	25653	3	3	3	3	2833	2833	2833	2833	0	0	1416	1416	2833	2833	2833	0	0	2833	2833	1416	1416	1416	1416	2833	2833	1416	1416	708	708
264	25905	3	3	3	3	2833	2833	2833	2833	0	0	1416	1416	2833	2833	2833	0	0	2833	2833	1416	1416	1416	1416	2833	2833	1416	1416	708	708
265	26172	3	3	3	3	2833	2833	2833	2833	0	0	1416	1416	2833	2833	2833	0	0	2833	2833	1416	1416	1416	1416	2833	2833	1416	1416	708	708
266	26439	3	3	3	3	2833	2833	2833	2833	0	0	1416	1416	2833	2833	2833	0	0	2833	2833	1416	1416	1416	1416	2833	2833	1416	1416	708	708
267	26709	3	3	3	3	2833	2833	2833	2833	0	0	1416	1416	2833	2833	2833	0	0	2833	2833	1416	1416	1416	1416	2833	2833	1416	1416	708	708
268	26976	3	3	3	3	2833	2833	2833	2833	0	0	1416	1416	2833	2833	2833	0	0	2833	2833	1416	1416	1416	1416	2833	2833	1416	1416	708	708
269	27246	3	3	3	3	2833	2833	2833	2833	0	0	1416	1416	2833	2833	2833	0	0	2833	2833	1416	1416	1416	1416	2833	2833	1416	1416	708	708
270	27516	3	3	3	3	2833	2833	2833	2833	0	0	1416	1416	2833	2833	2833	0	0	2833	2833	1416	1416	1416	1416	2833	2833	1416	1416	708	708
271	27789	3	3	3	3	2833	2833	2833	2833	0	0	1416	1416	2833	2833	2833	0	0	2833	2833	1416	1416	1416	1416	2833	2833	1416	1416	708	708
272	28059	3	3	3	3	2833	2833	2833	2833	0	0	1416	1416	2833	2833	2833	0	0	2833	2833	1416	1416	1416	1416	2833	2833	1416	1416	708	708
273	28332	3	3	3	3	2833	2833	2833	2833	0	0	1416	1416	2833	2833	2833	0	0	2833	2833	1416	1416	1416	1416	2833	2833	1416	1416	708	708
274	28608	3	3	3	3	2833	2833	2833	2833	0	0	1416	1416	2833	2833	2833	0	0	2833	2833	1416	1416	1416	1416	2833	2833	1416	1416	708	708
275	28881	3	3	3	3	2833	2833	2833	2833	0	0	1416	1416	2833	2833	2833	0	0	2833	2833	1416	1416	1416	1416	2833	2833	1416	1416	708	708
276	29157	3	3	3	3	2833	2833	2833	2833	0	0	1416	1416	2833	2833	2833	0	0	2833	2833	1416	1416	1416	1416	2833	2833	1416	1416	708	708
277	29433	3	3	3	3	2833	2833	2833	2833	0	0	1416	1416	2833	2833	2833	0	0	2833	2833	1416	1416	1416	1416	2833	2833	1416	1416	708	708
278	29709	3	3	3	3	2833	2833	2833	2833	0	0	1416	1416	2833	2833	2833	0	0	2833	2833	1416	1416	1416	1416	2833	2833	1416	1416	708	708
279	30042	3	3	3	3	2833	2833	2833	2833	0	0	1416	1416	2833	2833	2833	0	0	2833	2833	1416	1416	1416	1416	2833	2833	1416	1416	708	708
280	30321	3	3	3	3	2833	2833	2833	2833	0	0	1416	1416	2833	2833	2833	0	0	2833	2833	1416	1416	1416	1416	2833	2833	1416	1416	708	708
281	30627	3	3	3	3	2833	2833	2833	2833	0	0	1416	1416	2833	2833	2833	0	0	2833	2833	1416	1416	1416	1416	2833	2833	1416	1416	708	708
282	30933	3	3	3	3	2833	2833	2833	2833	0	0	1416	1416	2833	2833	2833	0	0	2833	2833	1416	1416	1416	1416	2833	2833	1416	1416	708	708
283	31239	3	3	3	3	2833	2833	2833	2833	0	0	1416	1416	2833	2833	2833	0	0	2833	2833	1416	1416	1416	1416	2833	2833	1416	1416	708	708
284	31545	3	3	3	3	2833	2833	2833	2833	0	0	1416	1416	2833	2833	2833	0	0	2833	2833	1416	1416	1416	1416	2833	2833	1416	1416	708	708
285	31854	3	3	3	3	2833	2833	2833	2833	0	0	1416	1416	2833	2833	2833	0	0	2833	2833	1416	1416	1416	1416	2833	2833	1416	1416	708	708
286	32163	3	3	3	3	2833	2833	2833	2833	0	0	1416	1416	2833	2833	2833	0	0	2833	2833	1416	1416	1416	1416	2833	2833	1416	1416	708	708
287	32475	3	3	3	3	2833	2833	2833	2833	0	0	1416	1416	2833	2833	2833	0	0	2833	2833	1416	1416	1416	1416	2833	2833	1416	1416	708	708
288	33015	3	3	3	3	2833	2833	2833	2833	0	0	1416	1416	2833	2833	2833	0	0	2833	2833	1416	1416	1416	1416	2833	2833	1416	1416	708	708
289	33351	3	3	3	3	2833	2833	2833	2833	0	0	1416	1416	2833	2833	2833	0	0	2833	2833	1416	1416	1416	1416	2833	2833	1416	1416	708	708
290	33690	3	3	3	3	2833	2833	2833	2833	0	0	1416	1416	2833	2833	2833	0	0	2833	2833	1416	1416	1416	1416	2833	2833	1416	1416	708	708
291	34062	3	3	3	3	2833	2833	2833	2833	0	0	1416	1416	2833	2833	2833	0	0	2833	2833	1416	1416	1416	1416	2833	2833	1416	1416	708	708
292	34404	3	3	3	3	2833	2833	2833	2833	0	0	1416	1416	2833	2833	2833	0	0	2833	2833	1416	1416	1416	1416	2833	2833	1416	1416	708	708
293	34746	3	3	3	3	2833	2833	2833	2833	0	0	1416	1416	2833	2833	2833	0	0	2833	2833	1416	1416	1416	1416	2833	2833	1416	1416	708	708
294	35739	3	3	3	3	2833	2833	2833	2833	0	0	1416	1416	2833	2833	2833	0	0	2833	2833	1416	1416	1416	1416	2833	2833	1416	1416	708	708
295	36084	3	3	3	3	2833	2833	2833	2833	0	0	1416	1416	2833	2833	2833	0	0	2833	2833	1416	1416	1416	1416	2833	2833	1416	1416	708	708
296	36429	3	3	3	3	2833	2833	2833	2833	0	0	1416	1416	2833	2833	2833	0	0	2833	2833	1416	1416	1416	1416	2833	2833	1416	1416	708	708
297	36777	3	3	3	3	2833	2833	2833	2833	0	0	1416	1416	2833	2833	2833	0	0	2833	2833	1416	1416	1416	1416	2833	2833	1416	1416	708	708
298	37125	3	3	3	3	2833	2833	2833	2833	0	0	1416	1416	2833	2833	2833	0	0	2833	2833	1416	1416	1416	1416	2833	2833	1416	1416	708	708
299	37473	3	3	3	3	2833	2833	2833	2833	0	0	1416	1416	2833	2833	2833	0	0	2833	2833	1416	1416	1416	1416	2833	2833	1416	1416	708	708
300	37824	3	3	3	3	2833	2833	2833	2833	0	0	1416	1416	2833	2833	2833	0	0	2833	2833	1416	1416	1416	1416	2833	2833	1416	1416	708	708
301	38259	3	3	3	3	2833	2833	2833	2833	0	0	1416	1416	2833	2833	2833	0	0	2833	2833	1416	1416	1416	1416	2833	2833	1416	1416	708	708
302	38667	3	3	3	3	2833	2833	2833	2833	0	0	1416	1416	2833	2833	2833	0	0	2833	2833	1416	1416	1416	1416	2833	2833	1416	1416	708	708
303	39021	3	3	3	3	2833	2833	2833	2833	0	0	1416	1416	2833	2833	2833	0	0	2833	2833	1416	1416	1416	1416	2833	2833	1416	1416	708	708
304	39375	3	3	3	3	2833	2833	2833	2833	0	0	1416	1416	2833	2833	2833	0	0	2833	2833	1416	1416	1416	1416	2833	2833	1416	1416	708	708
305	39735	3	3	3	3	2833	2833	2833	2833	0	0	1416	1416	2833	2833	2833	0	0	2833	2833	1416	1416	1416	1416	2833	2833	1416	1416	708	708
306	40098	3	3	3	3	2833	2833	2833	2833	0	0	1416	1416	2833	2833	2833	0	0	2833	2833	1416	1416	1416	1416	2833	2833	1416	1416	708	708
307	40458	3	3	3	3	2833	2833	2833	2833	0	0	1416	1416	2833	2833	2833	0	0	2833	2833	1416	1416	1416	1416	2833	2833	1416	1416	708	708
308	40824	3	3	3	3	2833	2833	2833	2833	0	0	1416	1416	2833	2833	2833	0	0	2833	2833	1416	1416	1416	1416	2833	2833	1416	1416	708	708
309	41187	3	3	3	3	2833	2833	2833	2833	0	0	1416	1416	2833	2833	2833	0	0	2833	2833	1416	1416	1416	1416	2833	2833	1416	1416	708	708
310	41553	3	3	3	3	2833	2833	2833	2833	0	0	1416	1416	2833	2833	2833	0	0	2833	2833	1416	1416	1416	1416	2833	2833	1416	1416	708	708
311	41919	3	3	3	3	2833	2833	2833	2833	0	0	1416	1416	2833	2833	2833	0	0	2833	2833	1416	1416	1416	1416	2833	2833	1416	1416	708	708
312	42300	3	3	3	3	2833	2833	2833	2833	0	0	1416	1416	2833	2833	2833	0	0	2833	2833	1416	1416	1416	1416	2833	2833	1416	1416	708	708
313	42702	3	3	3	3	2833	2833	2833	2833	0	0	1416	1416	2833	2833	2833	0	0	2833	2833	1416	1416	1416	1416	2833	2833	1416	1416	708	708
314	43104	3	3	3	3	2833	2833	2833	2833	0	0	1416	1416	2833	2833	2833	0	0	2833	2833	1416	1416	1416	1416	2833	2833	1416	1416	708	708
315	43506	3	3	3	3	2833	2833	2833	2833	0	0	1416	1416	2833	2833	2833	0	0	2833	2833	1416	1416	1416	1416	2833	2833	1416	1416	708	708
316	43911	3	3	3	3	2833	2833	2833	2833	0	0	1416	1416	2833	2833	2833	0	0	2833	2833	1416	1416	1416	1416	2833	2833	1416	1416	708	708
317	44316	3	3	3	3	2833	2833	2833	2833	0	0	1416	1416	2833	2833	2833	0	0	2833	2833	1416	1416	1416	1416	2833	2833	1416	1416	708	708
318	44724	3	3	3	3	2833	2833	2833	2833	0	0	1416	1416	2833	2833	2833	0	0	2833	2833	1416	1416	1416	1416	2833	2833	1416	1416	708	708
319	45132	3	3	3	3	2833	2833	2833	2833	0	0	1416	1416	2833	2833	2833	0	0	2833	2833	1416	1416	1416	1416	2833	2833	1416	1416	708	708
320	45540	3	3	3	3	2833	2833	2833	2833	0	0	1416	1416	2833	2833	2833	0	0	2833	2833	1416	1416	1416	1416	2833	2833	1416	1416	708	708
321	45966	3	3	3	3	2833	2833	2833	2833	0	0	1416	1416	2833	2833	2833	0	0	2833	2833	1416	1416	1416	1416	2833	2833	1416	1416	708	708
322	46392	3	3	3	3	2833	2833	2833	2833	0	0	1416	1416	2833	2833	2833	0	0	2833	2833	1416	1416	1416	1416	2833	2833	1416	1416	708	708
323	46818	3	3	3	3	2833	2833	2833	2833	0	0	1416	1416	2833	2833	2833	0	0	2833	2833	1416	1416	1416	1416	2833	2833	1416	1416	708	708
324	47301	3	3	3	3	2833	2833	2833	2833	0	0	1416	1416	2833	2833	2833	0	0	2833	2833	1416	1416	1416	1416	2833	2833	1416	1416	708	708
325	47733	3	3	3	3	2833	2833	2833	2833	0	0	1416	1416	2833	2833	2833	0	0	2833	2833	1416	1416	1416	1416	2833	2833	1416	1416	708	708
326	48162	3	3	3	3	2833	2833	2833	2833	0	0	1416	1416	2833	2833	2833	0	0	2833	2833	1416	1416	1416	1416	2833	2833	1416	1416	708	708
327	48594	3	3	3	3	2833	2833	2833	2833	0	0	1416	1416	2833	2833	2833	0	0	2833	2833	1416	1416	1416	1416	2833	2833	1416	1416	708	708
328	49086	3	3	3	3	2833	2833	2833	2833	0	0	1416	1416	2833	2833	2833	0	0	2833	2833	1416	1416	1416	1416	2833	2833	1416	1416	708	708
329	49521	3	3	3	3	2833	2833	2833	2833	0	0	1416	1416	2833	2833	2833	0	0	2833	2833	1416	1416	1416	1416	2833	2833	1416	1416	708	708
330	49959	3	3	3	3	2833	2833	2833	2833	0	0	1416	1416	2833	2833	2833	0	0	2833	2833	1416	1416	1416	1416	2833	2833	1416	1416	708	708
331	50397	3	3	3	3	2833	2833	2833	2833	0	0	1416	1416	2833	2833	2833	0	0	2833	2833	1416	1416	1416	1416	2833	2833	1416	1416	708	708
332	50838	3	3	3	3	2833	2833	2833	2833	0	0	1416	1416	2833	2833	2833	0	0	2833	2833	1416	1416	1416	1416	2833	2833	1416	1416	708	708
333	51279	3	3	3	3	2833	2833	2833	2833	0	0	1416	1416	2833	2833	2833	0	0	2833	2833	1416	1416	1416	1416	2833	2833	1416	1416	708	708
334	51723	3	3	3	3	2833	2833	2833	2833	0	0	1416	1416	2833	2833	2833	0	0	2833	2833	1416	1416	1416	1416	2833	2833	1416	1416	708	708
335	52167	3	3	3	3	2833	2833	2833	2833	0	0	1416	1416	2833	2833	2833	0	0	2833	2833	1416	1416	1416	1416	2833	2833	1416	1416	708	708
336	52617	3	3	3	3	2833	2833	2833	2833	0	0	1416	1416	2833	2833	2833	0	0	2833	2833	1416	1416	1416	1416	2833	2833	1416	1416	708	708
337	53097	3	3	3	3	2833	2833	2833	2833	0	0	1416	1416	2833	2833	2833	0	0	2833	2833	1416	1416	1416	1416	2833	2833	1416	1416	708	708
338	53580	3	3	3	3	2833	2833	2833	2833	0	0	1416	1416	2833	2833	2833	0	0	2833	2833	1416	1416	1416	1416	2833	2833	1416	1416	708	708
339	54060	3	3	3	3	2833	2833	2833	2833	0	0	1416	1416	2833	2833	2833	0	0	2833	2833	1416	1416	1416	1416	2833	2833	1416	1416	708	708
340	54546	3	3	3	3	2833	2833	2833	2833	0	0	1416	1416	2833	2833	2833	0	0	2833	2833	1416	1416	1416	1416	2833	2833	1416	1416	708	708
341	55044	3	3	3	3	2833	2833	2833	2833	0	0	1416	1416	2833	2833	2833	0	0	2833	2833	1416	1416	1416	1416	2833	2833	1416	1416	708	708
342	55548	3	3	3	3	2833	2833	2833	2833	0	0	1416	1416	2833	2833	2833	0	0	2833	2833	1416	1416	1416	1416	2833	2833	1416	1416	708	708
343	56106	3	3	3	3	2833	2833	2833	2833	0	0	1416	1416	2833	2833	2833	0	0	2833	2833	1416	1416	1416	1416	2833	2833	1416	1416	708	708
344	56610	3	3	3	3	2833	2833	2833	2833	0	0	1416	1416	2833	2833	2833	0	0	2833	2833	1416	1416	1416	1416	2833	2833	1416	1416	708	708
345	57114	3	3	3	3	2833	2833	2833	2833	0	0	1416	1416	2833	2833	2833	0	0	2833	2833	1416	1416	1416	1416	2833	2833	1416	1416	708	708
346	57621	3	3	3	3	2833	2833	2833	2833	0	0	1416	1416	2833	2833	2833	0	0	2833	2833	1416	1416	1416	1416	2833	2833	1416	1416	708	708
347	58131	3	3	3	3	2833	2833	2833	2833	0	0	1416	1416	2833	2833	2833	0	0	2833	2833	1416	1416	1416	1416	2833	2833	1416	1416	708	708
348	58641	3	3	3	3	2833	2833	2833	2833	0	0	1416	1416	2833	2833	2833	0	0	2833	2833	1416	1416	1416	1416	2833	2833	1416	1416	708	708
349	59154	3	3	3	3	2833	2833	2833	2833	0	0	1416	1416	2833	2833	2833	0	0	2833	2833	1416	1416	1416	1416	2833	2833	1416	1416	708	708
350	59667	3	3	3	3	2833	2833	2833	2833	0	0	1416	1416	2833	2833	2833	0	0	2833	2833	1416	1416	1416	1416	2833	2833	1416	1416	708	708
351	60183	3	3	3	3	2833	2833	2833	2833	0	0	1416	1416	2833	2833	2833	0	0	2833	2833	1416	1416	1416	1416	2833	2833	1416	1416	708	708
352	60699	3	3	3	3	2833	2833	2833	2833	0	0	1416	1416	2833	2833	2833	0	0	2833	2833	1416	1416	1416	1416	2833	2833	1416	1416	708	708
353	61218	3	3	3	3	2833	2833	2833	2833	0	0	1416	1416	2833	2833	2833	0	0	2833	2833	1416	1416	1416	1416	2833	2833	1416	1416	708	708
354	61737	3	3	3	3	2833	2833	2833	2833	0	0	1416	1416	2833	2833	2833	0	0	2833	2833	1416	1416	1416	1416	2833	2833	1416	1416	708	708
355	62259	3	3	3	3	2833	2833	2833	2833	0	0	1416	1416	2833	2833	2833	0	0	2833	2833	1416	1416	1416	1416	2833	2833	1416	1416	708	708
356	62781	3	3	3	3	2833	2833	2833	2833	0	0	1416	1416	2833	2833	2833	0	0	2833	2833	1416	1416	1416	1416	2833	2833	1416	1416	708	708
357	63306	3	3	3	3	2833	2833	2833	2833	0	0	1416	1416	2833	2833	2833	0	0	2833	2833	1416	1416	1416	1416	2833	2833	1416	1416	708	708
358	63834	3	3	3	3	2833	2833	2833	2833	0	0	1416	1416	2833	2833	2833	0	0	2833	2833	1416	1416	1416	1416	2833	2833	1416	1416	708	708
359	64362	3	3	3	3	2833	2833	2833	2833	0	0	1416	1416	2833	2833	2833	0	0	2833	2833	1416	1416	1416	1416	2833	2833	1416	1416	708	708
360	65238	3	3	3	3	2833	2833	2833	2833	0	0	1416	1416	2833	2833	2833	0	0	2833	2833	1416	1416	1416	1416	2833	2833	1416	1416	708	708
