索引ID	位置	对应地图格子ID
id	pos	relativeId
Int	Ints	Int
1	-2|38	23
2	-2|37	22
3	-2|36	21
4	-2|35	20
5	-2|34	19
6	-2|33	18
7	-1|37	34
8	-1|36	33
9	-1|35	32
10	-1|34	0
11	-1|33	0
12	-3|36	12
13	-3|35	11
14	-3|34	10
15	-3|33	9
16	-3|32	8
17	-2|32	17
18	-2|31	16
19	-2|29	0
20	-2|30	15
21	-1|30	31
22	-1|29	30
23	-1|28	0
24	-1|27	0
25	0|30	0
26	0|29	48
27	0|28	47
28	0|27	46
29	0|33	0
30	0|32	0
31	0|31	0
32	1|33	0
33	1|32	65
34	-1|32	0
35	1|31	64
36	1|30	63
37	1|29	62
38	1|28	61
39	1|27	60
40	1|26	59
41	1|25	0
42	1|24	0
43	2|32	80
44	2|31	79
45	2|29	77
46	2|28	0
47	2|30	78
48	2|27	0
49	2|26	0
50	2|25	0
51	3|31	104
52	3|30	103
53	3|29	102
54	3|28	101
55	3|27	0
56	3|26	0
57	4|30	133
58	4|29	132
59	4|28	131
60	4|27	130
61	4|26	129
62	4|25	128
63	4|24	127
64	4|23	126
65	4|22	125
66	5|29	157
67	5|28	156
68	5|27	155
69	5|26	154
70	5|25	153
71	5|24	152
72	5|23	151
73	5|22	150
74	5|21	149
75	5|20	148
76	5|19	147
77	5|18	146
78	5|17	145
79	5|16	144
80	4|16	119
81	4|17	120
82	4|18	121
83	4|19	122
84	4|20	123
85	4|21	124
86	3|22	100
87	3|21	99
88	3|20	98
89	3|19	97
90	2|22	76
91	2|21	75
92	2|20	74
93	2|19	0
94	1|22	58
95	1|21	57
96	1|20	56
97	1|19	0
98	3|18	96
99	3|17	95
100	3|16	94
101	3|15	93
102	3|14	92
103	3|13	91
104	3|12	0
105	4|15	118
106	4|14	117
107	4|13	116
108	4|12	115
109	4|11	0
110	5|15	143
111	5|14	142
112	5|13	141
113	5|12	140
114	5|11	139
115	5|10	0
116	6|13	168
117	6|12	167
118	6|11	166
119	6|10	165
120	6|9	0
121	8|10	201
122	7|10	185
123	7|12	187
124	7|11	186
125	7|9	184
126	7|8	0
127	7|7	0
128	8|9	200
129	8|8	0
130	9|10	216
131	9|9	215
132	9|8	0
133	9|7	0
134	10|10	0
135	10|9	236
136	10|8	0
137	10|7	0
138	10|6	0
139	-1|25	28
140	-1|26	29
141	0|26	45
142	0|25	44
143	0|24	0
144	-1|31	0
145	6|26	171
146	6|25	170
147	6|24	169
148	6|23	0
149	7|24	188
150	7|23	0
151	8|24	203
152	9|23	219
153	9|22	0
154	10|24	242
155	10|22	240
156	10|21	0
157	10|23	241
158	8|23	0
159	11|24	266
160	11|23	265
161	11|22	264
162	11|21	263
163	11|20	0
164	12|23	291
165	12|22	290
166	12|21	289
167	12|20	288
168	12|19	0
169	13|22	316
170	13|21	315
171	13|20	314
172	13|19	0
173	14|22	340
174	14|21	339
175	14|20	338
176	14|19	0
177	15|22	362
178	15|21	361
179	15|20	360
180	15|19	0
181	16|22	386
182	16|21	385
183	16|20	384
184	16|19	0
185	2|48	90
186	3|47	114
187	1|47	72
188	3|45	112
189	5|44	164
190	6|44	180
191	6|43	179
192	6|48	0
193	6|47	183
194	6|46	182
195	6|45	181
196	7|47	199
197	7|46	198
198	7|45	197
199	7|44	196
200	7|43	0
201	6|42	0
202	8|47	214
203	8|46	213
204	8|45	212
205	8|43	0
206	8|44	211
207	9|47	235
208	9|46	234
209	9|45	233
210	9|44	232
211	9|43	231
212	9|42	230
213	9|41	229
214	9|40	228
215	9|39	0
216	10|46	255
217	10|45	254
218	10|44	253
219	10|43	252
220	10|42	251
221	10|41	250
222	10|40	249
223	10|39	0
224	11|42	276
225	11|41	275
226	11|40	274
227	11|39	0
228	12|42	301
229	12|41	300
230	12|40	299
231	12|39	0
232	13|44	324
233	13|43	323
234	13|41	0
235	13|42	322
236	14|44	348
237	14|43	347
238	14|42	346
239	14|41	345
240	14|40	0
241	15|44	374
242	15|43	373
243	15|41	371
244	15|42	372
245	15|40	0
246	16|43	402
247	16|42	401
248	16|41	400
249	16|40	399
250	16|39	398
251	16|38	397
252	16|37	0
253	15|39	370
254	15|38	369
255	15|37	0
256	17|42	0
257	17|41	424
258	17|40	423
259	17|39	422
260	17|38	0
261	18|41	451
262	18|40	450
263	18|39	449
264	18|38	0
265	19|40	479
266	19|39	478
267	19|38	0
268	20|39	509
269	20|38	0
270	19|44	481
271	19|43	480
272	19|42	0
273	20|44	512
274	20|43	511
275	20|42	510
276	20|41	0
277	21|43	535
278	21|42	534
279	21|41	0
280	22|42	559
281	22|41	558
282	22|40	557
283	22|39	556
284	22|38	555
285	21|40	533
286	21|39	532
287	21|38	531
288	21|37	530
289	21|36	529
290	21|35	528
291	21|34	527
292	21|33	0
293	22|37	554
294	22|36	553
295	22|35	552
296	22|34	551
297	22|33	0
298	23|40	593
299	23|39	592
300	23|37	0
301	23|38	591
302	24|40	628
303	24|39	627
304	24|38	626
305	20|35	508
306	20|34	507
307	20|33	0
308	19|35	477
309	19|34	476
310	19|33	475
311	19|32	474
312	19|31	473
313	19|30	472
314	18|35	448
315	18|34	447
316	18|33	446
317	18|32	445
318	18|31	0
319	17|34	421
320	17|33	0
321	16|35	396
322	16|34	395
323	16|33	0
324	20|30	506
325	20|29	505
326	20|28	504
327	20|27	503
328	20|26	502
329	20|25	501
330	20|24	500
331	20|23	499
332	20|22	498
333	20|21	497
334	20|20	496
335	20|19	0
336	19|29	471
337	19|28	470
338	19|27	469
339	19|25	467
340	19|24	466
341	19|23	465
342	19|22	464
343	19|21	463
344	19|20	462
345	19|19	0
346	19|26	468
347	18|28	444
348	18|27	443
349	18|26	442
350	18|25	441
351	18|24	440
352	18|23	439
353	18|22	438
354	18|21	437
355	18|20	0
356	17|28	420
357	17|27	419
358	17|26	418
359	17|25	417
360	17|23	415
361	17|22	414
362	17|21	413
363	17|20	412
364	17|24	416
365	16|30	394
366	16|29	393
367	16|28	392
368	16|26	390
369	16|24	388
370	15|31	368
371	15|30	367
372	15|29	0
373	15|28	366
374	15|26	364
375	15|25	363
376	15|24	0
377	15|27	365
378	16|27	391
379	16|23	387
380	16|25	389
381	14|29	344
382	14|28	343
383	14|27	342
384	14|26	341
385	14|25	0
386	13|30	321
387	13|29	320
388	13|28	319
389	13|27	318
390	13|26	317
391	13|25	0
392	12|33	298
393	12|32	297
394	12|31	296
395	12|30	295
396	12|28	293
397	12|27	292
398	12|26	0
399	12|29	294
400	11|34	273
401	11|33	272
402	11|32	271
403	11|31	270
404	11|30	269
405	11|29	268
406	11|28	267
407	11|27	0
408	10|34	248
409	10|33	247
410	10|32	246
411	10|31	245
412	10|30	244
413	10|29	243
414	10|28	0
415	9|34	227
416	9|33	226
417	9|32	225
418	9|31	224
419	9|30	223
420	9|29	222
421	9|28	221
422	9|27	0
423	8|35	210
424	8|34	209
425	8|33	208
426	8|32	207
427	8|31	206
428	8|30	0
429	8|29	205
430	8|28	204
431	8|27	0
432	7|37	195
433	7|36	194
434	7|35	193
435	7|34	192
436	7|33	191
437	7|32	190
438	7|31	0
439	6|39	178
440	6|38	177
441	6|37	176
442	6|36	175
443	6|35	174
444	6|34	173
445	6|33	172
446	6|32	0
447	5|39	161
448	5|38	160
449	5|37	0
450	5|36	0
451	5|35	0
452	5|34	159
453	5|33	158
454	5|32	0
455	4|35	135
456	4|34	134
457	3|36	107
458	3|35	106
459	3|34	105
460	3|33	0
461	2|36	82
462	2|35	81
463	4|38	0
464	10|17	239
465	10|16	238
466	10|15	237
467	10|14	0
468	9|17	218
469	9|16	217
470	9|15	0
471	11|16	262
472	11|15	261
473	11|14	260
474	11|13	259
475	11|12	0
476	11|11	0
477	11|10	0
478	11|9	0
479	11|8	258
480	11|7	257
481	11|6	256
482	11|5	0
483	12|15	287
484	12|14	286
485	12|11	283
486	12|10	282
487	12|12	284
488	12|13	285
489	12|8	280
490	12|9	281
491	12|7	279
492	12|6	278
493	12|5	277
494	12|4	0
495	13|15	313
496	13|14	312
497	13|13	311
498	13|12	310
499	13|11	309
500	13|10	308
501	13|9	307
502	13|8	306
503	13|7	305
504	13|6	304
505	13|5	303
506	13|4	302
507	13|3	0
508	14|15	337
509	14|12	334
510	14|10	332
511	14|11	333
512	14|13	335
513	14|14	336
514	14|9	331
515	14|8	330
516	14|7	329
517	14|6	328
518	14|5	327
519	14|4	326
520	14|3	325
521	14|2	0
522	15|3	350
523	15|2	349
524	15|1	0
525	15|17	359
526	15|15	357
527	15|14	356
528	15|13	355
529	15|12	354
530	15|11	353
531	15|10	352
532	15|9	351
533	15|8	0
534	15|16	358
535	16|15	382
536	16|14	381
537	16|13	380
538	16|12	379
539	16|11	378
540	16|9	376
541	16|8	0
542	16|10	377
543	17|14	410
544	17|13	409
545	17|10	0
546	17|11	407
547	17|12	408
548	18|17	436
549	18|16	435
550	18|15	434
551	18|14	433
552	18|13	432
553	18|12	431
554	18|11	0
555	19|17	461
556	19|16	460
557	19|15	459
558	19|14	458
559	19|13	457
560	19|12	456
561	19|11	0
562	20|17	495
563	20|15	493
564	20|16	494
565	20|14	492
566	20|13	491
567	20|12	490
568	20|11	489
569	20|10	0
570	21|19	526
571	21|18	525
572	21|17	524
573	21|16	523
574	21|15	522
575	21|14	521
576	21|13	520
577	21|12	519
578	21|11	518
579	21|10	517
580	21|9	0
581	22|19	550
582	22|18	549
583	22|17	548
584	22|16	547
585	22|15	546
586	22|14	545
587	22|13	544
588	22|12	543
589	22|11	542
590	22|10	541
591	22|9	540
592	22|8	0
593	27|35	701
594	27|34	700
595	27|33	699
596	27|32	698
597	27|31	697
598	27|30	696
599	27|29	695
600	27|28	0
601	26|36	684
602	26|35	683
603	26|34	682
604	26|33	681
605	26|32	680
606	26|31	679
607	26|30	678
608	26|29	677
609	26|28	676
610	26|27	0
611	25|35	656
612	25|34	655
613	25|33	654
614	25|32	653
615	25|31	652
616	25|30	651
617	25|29	650
618	25|28	649
619	25|27	648
620	25|26	0
621	24|31	625
622	24|30	624
623	24|29	623
624	24|28	622
625	24|27	621
626	24|26	620
627	23|30	590
628	23|29	589
629	23|28	588
630	23|27	587
631	23|26	586
632	23|25	585
633	24|24	618
634	24|23	617
635	24|22	616
636	24|21	615
637	24|20	614
638	24|19	613
639	24|17	611
640	24|16	610
641	24|15	609
642	24|14	608
643	24|13	607
644	24|12	606
645	24|11	605
646	24|10	604
647	24|9	0
648	23|8	568
649	23|7	567
650	23|9	569
651	23|10	570
652	23|12	572
653	23|13	573
654	23|11	571
655	23|14	574
656	23|15	575
657	23|16	576
658	23|17	577
659	23|18	578
660	23|19	579
661	23|20	580
662	23|21	581
663	23|22	582
664	23|23	583
665	24|18	612
666	23|24	584
667	25|9	0
668	25|10	635
669	25|11	636
670	25|12	637
671	25|13	638
672	25|14	639
673	25|15	640
674	25|16	641
675	25|17	642
676	25|18	643
677	25|19	644
678	25|20	645
679	25|21	646
680	25|22	647
681	25|23	0
682	28|9	0
683	26|10	664
684	26|9	0
685	26|12	666
686	26|11	665
687	26|13	667
688	26|14	668
689	26|15	669
690	26|16	670
691	26|17	671
692	26|19	673
693	26|18	672
694	26|20	674
695	26|21	675
696	27|18	0
697	27|19	692
698	27|20	693
699	27|21	694
700	28|18	0
701	28|19	709
702	28|20	710
703	28|21	711
704	28|22	712
705	28|23	713
706	27|22	0
707	28|24	714
708	29|21	722
709	29|22	723
710	29|23	724
711	29|24	725
712	29|25	0
713	28|25	0
714	30|22	0
715	30|23	735
716	30|24	736
717	31|22	0
718	31|23	751
719	32|21	767
720	32|15	0
721	32|17	763
722	32|16	762
723	32|18	764
724	32|19	765
725	32|20	766
726	31|17	749
727	31|18	750
728	33|12	0
729	33|13	778
730	33|14	779
731	33|15	780
732	32|12	0
733	32|13	760
734	32|14	761
735	29|13	0
736	29|15	721
737	29|14	720
738	30|12	0
739	30|13	732
740	30|14	733
741	30|15	734
742	30|8	0
743	30|9	730
744	30|10	731
745	31|8	0
746	31|9	743
747	31|10	744
748	31|11	745
749	31|12	746
750	31|13	747
751	31|14	748
752	32|9	0
753	33|8	0
754	32|10	759
755	33|9	776
756	33|10	777
757	34|8	0
758	34|9	785
759	36|4	0
760	36|6	795
761	36|7	796
762	36|5	794
763	33|3	0
764	31|5	0
765	31|6	0
766	31|7	0
767	33|4	773
768	32|5	757
769	32|6	758
770	33|6	775
771	32|7	0
772	33|5	774
773	34|6	784
774	33|7	0
775	32|8	0
776	34|7	0
777	34|3	0
778	34|4	782
779	34|5	783
780	35|5	0
781	35|6	788
782	38|-4	808
783	38|-3	809
784	38|-2	810
785	38|-1	811
786	37|-6	0
787	37|-4	798
788	37|-5	797
789	37|-3	799
790	37|-2	800
791	37|-1	801
792	37|0	802
793	37|1	803
794	37|2	804
795	37|3	805
796	36|-5	0
797	36|-3	792
798	36|-4	791
799	35|-4	0
800	35|-3	786
801	34|-2	781
802	34|-3	0
803	33|-4	0
804	33|-3	769
805	33|-1	771
806	33|-2	770
807	32|1	756
808	32|0	755
809	32|-1	754
810	32|-2	753
811	32|-3	752
812	32|-4	0
813	31|-4	0
814	31|-2	738
815	31|-3	737
816	31|0	740
817	31|-1	739
818	31|1	741
819	30|-4	0
820	30|-2	727
821	30|-3	726
822	29|-2	716
823	29|-3	715
824	28|-3	702
825	27|-2	685
826	27|-1	686
827	28|-2	703
828	29|-1	0
829	30|-1	0
830	26|-2	0
831	26|-1	658
832	26|0	659
833	25|-1	0
834	25|0	629
835	24|-2	0
836	24|0	596
837	24|-1	595
838	24|1	597
839	23|-2	0
840	23|-1	560
841	23|0	561
842	23|2	562
843	17|1	403
844	17|2	404
845	17|3	0
846	18|0	425
847	18|1	426
848	18|2	427
849	18|3	428
850	18|4	429
851	18|5	430
852	17|4	0
853	17|5	405
854	17|6	406
855	18|6	0
856	19|-1	0
857	19|0	452
858	19|1	453
859	19|2	454
860	19|3	455
861	19|4	0
862	19|5	0
863	19|6	0
864	20|-1	0
865	20|0	482
866	20|1	483
867	20|2	484
868	20|3	485
869	20|4	486
870	20|5	487
871	20|6	488
872	21|2	0
873	21|3	513
874	21|4	514
875	21|7	0
876	21|5	515
877	21|6	516
878	22|2	0
879	22|4	537
880	22|3	536
881	22|5	538
882	22|6	539
883	23|1	0
884	23|3	563
885	23|4	564
886	23|5	565
887	24|2	598
888	24|3	599
889	24|4	600
890	24|5	601
891	24|6	602
892	24|7	603
893	25|1	630
894	25|2	0
895	25|3	631
896	25|4	632
897	25|5	633
898	25|6	634
899	26|1	0
900	26|2	0
901	26|3	660
902	26|4	661
903	26|5	662
904	27|0	0
905	27|1	0
906	27|2	687
907	27|3	688
908	27|4	689
909	27|5	690
910	28|-1	0
911	28|0	0
912	28|1	704
913	28|2	705
914	28|3	706
915	28|4	707
916	28|5	708
917	27|6	691
918	26|6	663
919	25|7	0
920	24|8	0
921	29|0	0
922	29|1	0
923	29|2	717
924	29|3	718
925	30|0	0
926	30|1	0
927	30|2	728
928	30|3	729
929	31|2	742
930	32|2	0
931	33|0	772
932	35|-2	787
933	36|-2	793
934	34|-1	0
935	17|19	0
936	-3|39	0
937	-4|39	0
938	-3|38	0
939	-4|38	0
940	-5|39	0
941	-5|38	0
942	-4|37	0
943	-4|36	0
944	-3|37	0
945	-5|37	0
946	-5|35	0
947	-4|35	0
948	-4|34	0
949	-4|33	0
950	-4|32	0
951	-6|40	0
952	2|49	0
953	-5|40	0
954	-6|41	0
955	1|36	0
956	0|35	0
957	0|34	0
958	1|34	0
959	1|35	0
960	0|36	0
961	1|37	0
962	2|37	0
963	3|37	0
964	4|36	0
965	4|37	0
966	1|49	0
967	3|48	0
968	4|46	0
969	4|47	0
970	4|48	0
971	5|45	0
972	5|46	0
973	5|47	0
974	5|48	0
975	10|47	0
976	16|45	0
977	11|43	0
978	11|44	0
979	12|43	0
980	12|44	0
981	12|45	0
982	11|45	0
983	12|46	0
984	11|46	0
985	13|45	0
986	13|46	0
987	14|45	0
988	14|46	0
989	15|45	0
990	16|44	0
991	17|43	0
992	17|44	0
993	17|45	0
994	18|42	0
995	18|43	0
996	18|44	0
997	18|45	0
998	19|41	0
999	20|40	0
1000	21|44	0
1001	22|44	0
1002	25|42	0
1003	24|42	0
1004	23|41	594
1005	22|43	0
1006	23|42	0
1007	24|41	0
1008	23|43	0
1009	25|41	0
1010	26|43	0
1011	27|41	0
1012	28|38	0
1013	27|39	0
1014	27|38	0
1015	26|38	0
1016	25|39	0
1017	25|40	0
1018	26|41	0
1019	27|40	0
1020	26|40	0
1021	26|39	0
1022	-4|40	0
1023	-5|41	0
1024	28|37	0
1025	28|36	0
1026	28|35	0
1027	27|36	0
1028	27|37	0
1029	26|37	0
1030	25|38	0
1031	25|37	657
1032	25|36	0
1033	24|36	0
1034	24|35	0
1035	24|37	0
1036	23|36	0
1037	23|35	0
1038	24|34	0
1039	23|34	0
1040	23|33	0
1041	24|33	0
1042	24|32	0
1043	22|32	0
1044	23|32	0
1045	23|31	0
1046	22|31	0
1047	21|32	0
1048	20|32	0
1049	20|31	0
1050	21|30	0
1051	22|30	0
1052	21|31	0
1053	20|36	0
1054	19|37	0
1055	19|36	0
1056	20|37	0
1057	18|37	0
1058	18|36	0
1059	17|37	0
1060	17|36	0
1061	17|35	0
1062	16|36	0
1063	14|38	0
1064	13|39	0
1065	13|40	0
1066	14|39	0
1067	8|41	0
1068	8|42	0
1069	6|40	0
1070	6|41	0
1071	7|42	0
1072	7|38	0
1073	7|40	0
1074	7|39	0
1075	7|41	0
1076	8|39	0
1077	8|40	0
1078	8|38	0
1079	8|37	0
1080	8|36	0
1081	9|35	0
1082	9|36	0
1083	9|37	0
1084	9|38	0
1085	10|35	0
1086	10|36	0
1087	10|37	0
1088	10|38	0
1089	11|35	0
1090	11|36	0
1091	11|37	0
1092	11|38	0
1093	12|34	0
1094	12|35	0
1095	12|36	0
1096	12|37	0
1097	12|38	0
1098	13|32	0
1099	13|33	0
1100	13|34	0
1101	13|35	0
1102	13|36	0
1103	13|37	0
1104	13|38	0
1105	14|37	0
1106	14|36	0
1107	14|35	0
1108	14|34	0
1109	14|30	0
1110	13|31	0
1111	14|31	0
1112	14|32	0
1113	14|33	0
1114	15|32	0
1115	15|33	0
1116	15|34	0
1117	15|35	0
1118	15|36	0
1119	16|31	0
1120	17|29	0
1121	17|30	0
1122	17|31	0
1123	16|32	0
1124	17|32	0
1125	18|30	0
1126	18|29	0
1127	21|20	0
1128	21|21	0
1129	21|22	0
1130	21|23	0
1131	21|24	0
1132	21|25	0
1133	21|26	0
1134	21|27	0
1135	21|28	0
1136	21|29	0
1137	22|29	0
1138	22|26	0
1139	22|27	0
1140	22|28	0
1141	22|20	0
1142	22|21	0
1143	22|23	0
1144	22|22	0
1145	22|24	0
1146	22|25	0
1147	25|24	0
1148	24|25	619
1149	25|25	0
1150	26|22	0
1151	26|23	0
1152	26|24	0
1153	26|25	0
1154	26|26	0
1155	27|23	0
1156	27|24	0
1157	27|25	0
1158	27|26	0
1159	27|27	0
1160	28|26	0
1161	28|27	0
1162	28|28	0
1163	28|29	0
1164	28|30	0
1165	28|31	0
1166	28|32	0
1167	28|33	0
1168	28|34	0
1169	29|33	0
1170	29|32	0
1171	29|31	0
1172	30|30	0
1173	29|30	0
1174	30|29	0
1175	30|28	0
1176	29|28	0
1177	29|29	0
1178	30|27	0
1179	29|27	0
1180	30|26	0
1181	29|26	0
1182	30|25	0
1183	31|24	0
1184	31|25	0
1185	31|26	0
1186	30|31	0
1187	33|16	0
1188	34|11	0
1189	34|10	0
1190	33|11	0
1191	32|11	0
1192	30|11	0
1193	29|17	0
1194	29|18	0
1195	29|19	0
1196	30|19	0
1197	29|20	0
1198	30|20	0
1199	31|19	0
1200	31|20	0
1201	30|21	0
1202	31|21	0
1203	30|17	0
1204	30|18	0
1205	31|15	0
1206	30|16	0
1207	31|16	0
1208	29|16	0
1209	28|17	0
1210	28|16	0
1211	27|17	0
1212	27|13	0
1213	27|14	0
1214	27|15	0
1215	27|16	0
1216	28|15	0
1217	28|14	0
1218	28|13	0
1219	28|11	0
1220	28|10	0
1221	27|10	0
1222	27|11	0
1223	27|12	0
1224	29|10	0
1225	29|11	0
1226	28|12	0
1227	29|12	0
1228	29|9	0
1229	29|8	0
1230	26|7	0
1231	25|8	0
1232	26|8	0
1233	27|7	0
1234	28|6	0
1235	27|8	0
1236	28|7	0
1237	28|8	0
1238	27|9	0
1239	29|7	0
1240	29|6	0
1241	30|4	0
1242	29|4	719
1243	29|5	0
1244	30|5	0
1245	30|6	0
1246	30|7	0
1247	31|4	0
1248	31|3	0
1249	32|3	0
1250	32|4	0
1251	33|1	0
1252	33|2	0
1253	34|0	0
1254	34|1	0
1255	34|2	0
1256	35|-1	0
1257	35|0	0
1258	36|-1	0
1259	36|0	0
1260	35|1	0
1261	35|2	0
1262	35|3	0
1263	35|4	0
1264	36|3	0
1265	36|1	0
1266	36|2	0
1267	35|7	789
1268	35|8	790
1269	35|9	0
1270	32|22	768
1271	32|23	0
1272	31|27	0
1273	33|17	0
1274	33|18	0
1275	33|19	0
1276	34|12	0
1277	34|14	0
1278	34|13	0
1279	34|15	0
1280	35|10	0
1281	35|11	0
1282	26|42	0
1283	27|42	0
1284	25|43	0
1285	24|43	0
1286	38|-5	807
1287	39|-6	0
1288	38|-6	0
1289	35|-5	0
1290	34|-4	0
1291	33|-5	0
1292	34|-5	0
1293	36|-6	0
1294	25|-2	0
1295	21|0	0
1296	21|1	0
1297	22|1	0
1298	22|0	0
1299	22|-1	0
1300	21|-1	0
1301	16|0	0
1302	16|1	0
1303	16|2	375
1304	16|3	0
1305	15|4	0
1306	15|5	0
1307	16|4	0
1308	16|5	0
1309	15|6	0
1310	15|7	0
1311	16|6	0
1312	17|7	0
1313	16|7	0
1314	18|7	0
1315	17|8	0
1316	17|9	0
1317	18|8	0
1318	18|9	0
1319	18|10	0
1320	19|8	0
1321	19|7	0
1322	19|10	0
1323	19|9	0
1324	20|7	0
1325	20|8	0
1326	20|9	0
1327	21|8	0
1328	22|7	0
1329	23|6	566
1330	7|4	0
1331	8|4	0
1332	8|5	0
1333	8|6	0
1334	7|6	0
1335	7|5	0
1336	6|5	0
1337	6|6	0
1338	6|7	0
1339	6|8	0
1340	5|6	0
1341	5|5	0
1342	5|7	0
1343	5|8	0
1344	5|9	0
1345	4|6	0
1346	4|7	0
1347	4|8	0
1348	4|9	0
1349	4|10	0
1350	3|11	0
1351	9|3	0
1352	9|4	0
1353	9|5	0
1354	9|6	0
1355	8|7	0
1356	10|3	0
1357	10|4	0
1358	10|5	0
1359	11|3	0
1360	11|4	0
1361	11|2	0
1362	12|2	0
1363	12|3	0
1364	13|1	0
1365	13|2	0
1366	14|1	0
1367	32|-5	0
1368	31|-5	0
1369	29|-4	0
1370	28|-4	0
1371	27|-3	0
1372	26|-3	0
1373	17|0	0
1374	10|2	0
1375	8|3	0
1376	6|4	0
1377	7|3	0
1378	5|4	0
1379	6|3	0
1380	4|5	0
1381	35|-6	0
1382	18|-1	0
1383	22|-2	0
1384	3|10	0
1385	3|9	0
1386	2|13	0
1387	2|14	0
1388	2|15	0
1389	2|16	0
1390	2|17	0
1391	2|18	0
1392	8|11	202
1393	10|11	0
1394	8|12	0
1395	9|11	0
1396	9|12	0
1397	10|12	0
1398	10|13	0
1399	9|13	0
1400	9|14	0
1401	8|13	0
1402	8|14	0
1403	7|13	0
1404	6|14	0
1405	6|15	0
1406	6|16	0
1407	7|14	0
1408	8|15	0
1409	7|15	0
1410	7|16	0
1411	6|17	0
1412	8|16	0
1413	7|17	0
1414	6|18	0
1415	6|19	0
1416	6|20	0
1417	6|21	0
1418	6|22	0
1419	7|18	0
1420	7|19	0
1421	7|20	0
1422	7|21	0
1423	7|22	0
1424	8|17	0
1425	8|18	0
1426	8|19	0
1427	8|20	0
1428	8|21	0
1429	8|22	0
1430	9|18	0
1431	9|19	0
1432	9|20	0
1433	9|21	0
1434	10|18	0
1435	10|19	0
1436	10|20	0
1437	11|17	0
1438	11|18	0
1439	11|19	0
1440	12|16	0
1441	12|17	0
1442	12|18	0
1443	13|16	0
1444	13|17	0
1445	14|16	0
1446	14|17	0
1447	13|18	0
1448	14|18	0
1449	15|18	0
1450	16|16	383
1451	16|17	0
1452	16|18	0
1453	17|15	411
1454	17|16	0
1455	17|17	0
1456	17|18	0
1457	18|18	0
1458	18|19	0
1459	19|18	0
1460	20|18	0
1461	15|23	0
1462	14|23	0
1463	14|24	0
1464	13|23	0
1465	13|24	0
1466	12|24	0
1467	11|25	0
1468	12|25	0
1469	11|26	0
1470	10|25	0
1471	10|26	0
1472	10|27	0
1473	9|24	220
1474	9|25	0
1475	9|26	0
1476	8|25	0
1477	8|26	0
1478	7|25	189
1479	7|26	0
1480	6|27	0
1481	7|27	0
1482	6|28	0
1483	7|28	0
1484	6|29	0
1485	7|29	0
1486	7|30	0
1487	6|30	0
1488	6|31	0
1489	5|30	0
1490	5|31	0
1491	4|31	0
1492	4|32	0
1493	3|32	0
1494	4|33	0
1495	2|33	0
1496	2|34	0
1497	3|23	0
1498	3|24	0
1499	3|25	0
1500	2|24	0
1501	2|23	0
1502	1|23	0
1503	0|23	0
1504	1|18	0
1505	1|17	0
1506	0|22	43
1507	0|21	42
1508	0|20	0
1509	-3|31	7
1510	-2|28	0
1511	-3|30	0
1512	28|39	0
1513	29|34	0
1514	39|-5	0
1515	39|-4	0
1516	39|-3	0
1517	39|-2	0
1518	38|0	0
1519	-4|31	0
1520	-3|29	0
1521	-1|24	0
1522	-2|25	0
1523	-2|26	0
1524	-2|27	0
1525	-2|24	0
1526	-1|23	0
1527	-1|22	0
1528	-5|36	0
1529	-6|39	0
1530	-6|42	0
1531	-7|43	0
1532	2|46	88
1533	0|37	0
1534	4|44	138
1535	-1|38	35
1536	0|38	0
1537	-1|39	36
1538	0|39	49
1539	1|39	66
1540	1|38	0
1541	2|38	0
1542	3|38	0
1543	2|39	0
1544	-2|39	24
1545	-2|40	0
1546	0|49	0
1547	-1|40	37
1548	5|40	162
1549	4|45	0
1550	3|46	113
1551	2|47	89
1552	1|48	73
1553	5|43	163
1554	3|39	0
1555	4|39	0
1556	4|40	136
1557	5|41	0
1558	4|41	0
1559	-2|41	0
1560	-3|41	0
1561	-3|40	0
1562	-4|41	0
1563	3|40	108
1564	0|40	50
1565	-10|52	0
1566	-12|54	0
1567	-12|56	0
1568	-12|55	0
1569	-13|57	0
1570	-11|57	0
1571	-12|58	0
1572	-12|57	0
1573	-11|56	0
1574	-11|58	0
1575	-10|57	0
1576	-10|56	0
1577	-10|55	0
1578	-11|55	0
1579	-11|54	0
1580	-10|53	0
1581	-10|54	0
1582	-9|52	0
1583	-9|53	0
1584	-9|54	0
1585	-9|55	0
1586	-9|56	0
1587	-9|57	0
1588	-8|57	0
1589	-8|56	0
1590	-8|55	0
1591	-8|54	0
1592	-7|54	0
1593	-7|55	0
1594	-7|56	0
1595	-6|54	0
1596	-6|55	0
1597	-6|56	0
1598	-5|54	0
1599	-5|55	0
1600	-5|56	0
1601	-4|53	0
1602	-4|54	0
1603	-3|53	0
1604	-3|54	0
1605	-3|55	0
1606	-4|55	0
1607	-4|56	0
1608	-2|52	0
1609	-2|53	0
1610	-2|54	0
1611	-2|55	0
1612	-1|52	0
1613	-1|53	0
1614	-1|54	0
1615	0|53	0
1616	0|54	0
1617	-1|55	0
1618	0|50	0
1619	0|51	0
1620	0|52	0
1621	1|50	0
1622	1|51	0
1623	1|52	0
1624	1|53	0
1625	1|54	0
1626	2|50	0
1627	2|51	0
1628	2|52	0
1629	2|53	0
1630	2|54	0
1631	3|49	0
1632	3|50	0
1633	3|51	0
1634	3|52	0
1635	4|49	0
1636	4|50	0
1637	4|51	0
1638	4|52	0
1639	4|53	0
1640	3|53	0
1641	5|49	0
1642	5|50	0
1643	5|51	0
1644	5|52	0
1645	5|53	0
1646	3|54	0
1647	6|49	0
1648	6|50	0
1649	6|51	0
1650	6|52	0
1651	7|48	0
1652	7|49	0
1653	7|50	0
1654	7|51	0
1655	7|52	0
1656	6|53	0
1657	-11|51	0
1658	-12|53	0
1659	-10|49	0
1660	-10|51	0
1661	27|43	0
1662	29|44	0
1663	28|44	0
1664	28|43	0
1665	27|44	0
1666	27|45	0
1667	28|45	0
1668	29|43	0
1669	29|45	0
1670	29|46	0
1671	28|46	0
1672	27|46	0
1673	30|46	0
1674	30|45	0
1675	30|44	0
1676	30|43	0
1677	30|42	0
1678	30|41	0
1679	30|40	0
1680	30|37	0
1681	30|39	0
1682	30|38	0
1683	30|36	0
1684	30|35	0
1685	30|34	0
1686	30|33	0
1687	29|35	0
1688	29|36	0
1689	29|37	0
1690	29|38	0
1691	29|39	0
1692	29|40	0
1693	29|41	0
1694	29|42	0
1695	28|40	0
1696	28|41	0
1697	28|42	0
1698	30|32	0
1699	31|28	0
1700	31|29	0
1701	31|30	0
1702	31|31	0
1703	31|32	0
1704	31|33	0
1705	31|34	0
1706	31|35	0
1707	31|36	0
1708	31|37	0
1709	31|38	0
1710	31|39	0
1711	31|40	0
1712	31|41	0
1713	31|42	0
1714	31|43	0
1715	26|44	0
1716	25|44	0
1717	24|44	0
1718	23|44	0
1719	22|45	0
1720	19|45	0
1721	20|45	0
1722	21|45	0
1723	23|45	0
1724	24|45	0
1725	25|45	0
1726	26|45	0
1727	26|46	0
1728	25|46	0
1729	24|46	0
1730	23|46	0
1731	22|46	0
1732	21|46	0
1733	20|46	0
1734	18|46	0
1735	17|46	0
1736	19|46	0
1737	16|46	0
1738	15|46	0
1739	26|47	0
1740	24|47	0
1741	23|47	0
1742	20|47	0
1743	16|47	0
1744	14|47	0
1745	13|47	0
1746	15|47	0
1747	17|47	0
1748	18|47	0
1749	19|47	0
1750	21|47	0
1751	22|47	0
1752	25|47	0
1753	23|48	0
1754	21|48	0
1755	20|48	0
1756	22|48	0
1757	24|48	0
1758	19|48	0
1759	11|47	0
1760	12|47	0
1761	8|48	0
1762	9|48	0
1763	11|48	0
1764	12|48	0
1765	13|48	0
1766	14|48	0
1767	16|48	0
1768	18|48	0
1769	15|48	0
1770	17|48	0
1771	10|48	0
1772	8|49	0
1773	9|49	0
1774	10|49	0
1775	11|49	0
1776	12|49	0
1777	13|49	0
1778	14|49	0
1779	15|49	0
1780	16|49	0
1781	17|49	0
1782	18|49	0
1783	19|49	0
1784	20|49	0
1785	8|50	0
1786	9|50	0
1787	10|50	0
1788	11|50	0
1789	12|50	0
1790	13|50	0
1791	14|50	0
1792	15|50	0
1793	16|50	0
1794	8|51	0
1795	9|51	0
1796	10|51	0
1797	11|51	0
1798	12|51	0
1799	13|51	0
1800	8|52	0
1801	9|52	0
1802	10|52	0
1803	-11|50	0
1804	-5|33	0
1805	-7|36	0
1806	-8|37	0
1807	-6|34	0
1808	-7|35	0
1809	-6|35	0
1810	-5|34	0
1811	-6|36	0
1812	-7|37	0
1813	-8|38	0
1814	-7|38	0
1815	-6|37	0
1816	-6|38	0
1817	-8|40	0
1818	-7|39	0
1819	-7|40	0
1820	-8|41	0
1821	-9|42	0
1822	-7|41	0
1823	-9|43	0
1824	-8|42	0
1825	-9|41	0
1826	-8|39	0
1827	-7|42	0
1828	-8|43	0
1829	-9|44	0
1830	-10|45	0
1831	-10|46	0
1832	-9|45	0
1833	-8|44	0
1834	-8|45	0
1835	-9|46	0
1836	-10|47	0
1837	-10|48	0
1838	-9|47	0
1839	-4|23	0
1840	-3|23	0
1841	-2|23	0
1842	-4|24	0
1843	-3|24	0
1844	-3|25	0
1845	-4|25	0
1846	-5|26	0
1847	-5|25	0
1848	-4|26	0
1849	-3|26	0
1850	-5|27	0
1851	-4|27	0
1852	-3|27	0
1853	-3|28	0
1854	-5|28	0
1855	-5|29	0
1856	-4|29	0
1857	-4|28	0
1858	-4|30	0
1859	-5|30	0
1860	-6|30	0
1861	-6|29	0
1862	-6|31	0
1863	-5|31	0
1864	-6|32	0
1865	-7|33	0
1866	-6|33	0
1867	-5|32	0
1868	-7|34	0
1869	2|2	0
1870	2|1	0
1871	1|2	0
1872	3|1	0
1873	4|1	0
1874	5|1	0
1875	5|0	0
1876	6|0	0
1877	8|-1	0
1878	9|-1	0
1879	10|-1	0
1880	11|-1	0
1881	15|-3	0
1882	12|-2	0
1883	13|-2	0
1884	14|-2	0
1885	7|0	0
1886	3|2	0
1887	4|2	0
1888	5|2	0
1889	7|1	0
1890	6|1	0
1891	8|0	0
1892	9|0	0
1893	10|0	0
1894	11|0	0
1895	12|-1	0
1896	13|-1	0
1897	14|-1	0
1898	15|-2	0
1899	16|-2	0
1900	17|-2	0
1901	15|-1	0
1902	2|3	0
1903	3|3	0
1904	4|3	0
1905	5|3	0
1906	6|2	0
1907	9|1	0
1908	7|2	0
1909	8|1	0
1910	8|2	0
1911	9|2	0
1912	10|1	0
1913	11|1	0
1914	12|0	0
1915	13|0	0
1916	12|1	0
1917	14|0	0
1918	15|0	0
1919	16|-1	0
1920	17|-1	0
1921	4|4	0
1922	3|4	0
1923	2|4	0
1924	1|5	0
1925	2|5	0
1926	3|5	0
1927	2|6	0
1928	3|6	0
1929	2|7	0
1930	3|7	0
1931	1|6	0
1932	1|7	0
1933	1|8	0
1934	3|8	0
1935	2|8	0
1936	1|9	0
1937	2|9	0
1938	2|10	0
1939	2|11	0
1940	1|11	0
1941	0|12	0
1942	-1|13	0
1943	-1|12	0
1944	0|10	0
1945	1|12	0
1946	0|13	0
1947	2|12	0
1948	1|13	0
1949	-1|14	0
1950	-1|15	0
1951	0|14	0
1952	1|14	0
1953	0|15	0
1954	1|15	0
1955	-4|22	0
1956	1|4	0
1957	0|7	0
1958	0|6	0
1959	0|8	0
1960	0|5	0
1961	1|3	0
1962	0|9	0
1963	-1|10	0
1964	-1|11	0
1965	-1|9	0
1966	-2|14	0
1967	-2|15	0
1968	-2|16	0
1969	-2|13	0
1970	-2|17	0
1971	-1|16	0
1972	-1|17	0
1973	0|16	0
1974	1|16	0
1975	0|17	0
1976	-3|18	0
1977	-3|17	0
1978	-3|19	0
1979	-2|18	0
1980	0|18	0
1981	-1|18	0
1982	-2|19	0
1983	-1|19	0
1984	0|19	0
1985	-1|20	0
1986	-2|20	0
1987	-3|20	0
1988	-4|21	0
1989	-3|21	0
1990	-3|22	0
1991	-2|21	0
1992	-1|21	0
1993	-2|22	0
1994	18|-4	0
1995	19|-4	0
1996	22|-5	0
1997	23|-5	0
1998	25|-6	0
1999	26|-6	0
2000	32|-8	0
2001	35|-9	0
2002	34|-8	0
2003	36|-9	0
2004	37|-9	0
2005	38|-9	0
2006	39|-10	0
2007	40|-10	0
2008	41|-10	0
2009	42|-11	0
2010	43|-11	0
2011	44|-11	0
2012	44|-10	0
2013	43|-10	0
2014	42|-10	0
2015	41|-9	0
2016	40|-9	0
2017	38|-8	0
2018	39|-9	0
2019	44|-9	0
2020	42|-9	0
2021	41|-8	0
2022	43|-9	0
2023	42|-8	0
2024	42|-7	0
2025	43|-8	0
2026	42|-6	0
2027	43|-7	0
2028	38|-7	0
2029	40|-8	0
2030	39|-8	0
2031	39|-7	0
2032	40|-7	0
2033	41|-7	0
2034	36|-8	0
2035	36|-7	0
2036	37|-8	0
2037	37|-7	0
2038	35|-8	0
2039	34|-7	0
2040	35|-7	0
2041	34|-6	0
2042	33|-7	0
2043	32|-7	0
2044	31|-6	0
2045	32|-6	0
2046	33|-6	0
2047	29|-6	0
2048	30|-6	0
2049	29|-5	0
2050	30|-5	0
2051	28|-5	0
2052	27|-5	0
2053	26|-5	0
2054	25|-5	0
2055	18|-2	0
2056	18|-3	0
2057	19|-3	0
2058	20|-3	0
2059	19|-2	0
2060	20|-2	0
2061	21|-3	0
2062	22|-4	0
2063	23|-4	0
2064	22|-3	0
2065	21|-2	0
2066	23|-3	0
2067	24|-4	0
2068	24|-3	0
2069	26|-4	0
2070	25|-4	0
2071	27|-4	0
2072	25|-3	0
2073	40|-6	0
2074	41|-6	0
2075	43|-6	0
2076	40|-5	0
2077	41|-5	0
2078	42|-5	0
2079	43|-5	0
2080	40|-4	0
2081	42|-4	0
2082	41|-4	0
2083	40|-3	0
2084	41|-3	0
2085	42|-3	0
2086	40|-2	0
2087	41|-2	0
2088	42|-2	0
2089	39|-1	0
2090	40|-1	0
2091	41|-1	0
2092	42|-1	0
2093	39|0	0
2094	40|0	0
2095	41|0	0
2096	38|1	0
2097	39|1	0
2098	40|1	0
2099	41|1	0
2100	38|2	0
2101	39|2	0
2102	40|2	0
2103	41|2	0
2104	38|3	0
2105	39|3	0
2106	40|3	0
2107	41|3	0
2108	37|4	806
2109	38|4	0
2110	39|4	0
2111	40|4	0
2112	37|5	0
2113	38|5	0
2114	39|5	0
2115	40|5	0
2116	37|6	0
2117	38|6	0
2118	39|6	0
2119	40|6	0
2120	40|7	0
2121	39|7	0
2122	37|7	0
2123	36|8	0
2124	38|7	0
2125	37|8	0
2126	38|8	0
2127	39|8	0
2128	36|9	0
2129	38|9	0
2130	37|9	0
2131	39|9	0
2132	39|10	0
2133	38|10	0
2134	37|10	0
2135	36|10	0
2136	36|11	0
2137	37|11	0
2138	38|11	0
2139	39|11	0
2140	35|12	0
2141	36|12	0
2142	37|12	0
2143	38|12	0
2144	38|13	0
2145	37|13	0
2146	35|13	0
2147	36|13	0
2148	35|14	0
2149	37|14	0
2150	36|14	0
2151	38|14	0
2152	35|15	0
2153	36|15	0
2154	37|15	0
2155	38|15	0
2156	34|16	0
2157	35|16	0
2158	36|16	0
2159	37|16	0
2160	34|17	0
2161	35|17	0
2162	36|17	0
2163	37|17	0
2164	34|18	0
2165	35|18	0
2166	36|18	0
2167	37|18	0
2168	34|19	0
2169	35|19	0
2170	36|19	0
2171	37|19	0
2172	33|20	0
2173	34|20	0
2174	35|20	0
2175	36|20	0
2176	33|21	0
2177	34|21	0
2178	35|21	0
2179	34|22	0
2180	33|22	0
2181	32|24	0
2182	33|23	0
2183	34|23	0
2184	35|22	0
2185	36|21	0
2186	36|22	0
2187	35|23	0
2188	34|24	0
2189	33|25	0
2190	32|26	0
2191	32|25	0
2192	33|24	0
2193	32|27	0
2194	33|26	0
2195	34|25	0
2196	35|24	0
2197	36|23	0
2198	35|25	0
2199	33|27	0
2200	32|28	0
2201	34|26	0
2202	35|26	0
2203	34|27	0
2204	33|28	0
2205	32|29	0
2206	32|30	0
2207	34|28	0
2208	33|29	0
2209	35|27	0
2210	34|29	0
2211	33|30	0
2212	34|30	0
2213	33|31	0
2214	32|31	0
2215	32|32	0
2216	32|33	0
2217	33|32	0
2218	34|31	0
2219	32|34	0
2220	32|35	0
2221	32|36	0
2222	33|34	0
2223	33|35	0
2224	33|33	0
2225	32|37	0
2226	32|38	0
2227	32|39	0
2228	-10|50	0
2229	-11|53	0
2230	-11|49	0
2231	-11|52	0
2232	-8|53	0
2233	-8|46	0
2234	-7|45	0
2235	-7|44	0
2236	-3|52	0
2237	-9|48	0
2238	-1|50	0
2239	-1|51	0
2240	-2|51	0
2241	-3|51	0
2242	-2|50	0
2243	2|45	0
2244	5|42	0
2245	16|-3	0
2246	17|-3	0
2247	20|-4	0
2248	21|-4	0
2249	24|-5	0
2250	27|-6	0
2251	28|-6	0
2252	29|-7	0
2253	30|-7	0
2254	31|-7	0
2255	33|-8	0
2256	-6|44	0
2257	-5|44	2
2258	-5|43	1
2259	-6|43	0
2260	-6|45	0
2261	-5|45	3
2262	-5|46	0
2263	-6|46	0
2264	-7|47	0
2265	-7|46	0
2266	-5|42	0
2267	-4|43	4
2268	-4|42	0
2269	-4|44	5
2270	-4|45	6
2271	-4|46	0
2272	-5|47	0
2273	-6|47	0
2274	-7|48	0
2275	-6|48	0
2276	-5|48	0
2277	-7|49	0
2278	-6|49	0
2279	-5|49	0
2280	-4|47	0
2281	-4|48	0
2282	-4|49	0
2283	-3|42	0
2284	-3|43	0
2285	-3|44	13
2286	-3|45	14
2287	-3|46	0
2288	-3|48	0
2289	-3|47	0
2290	-3|49	0
2291	-2|42	0
2292	-1|41	0
2293	-1|42	0
2294	-2|43	0
2295	-1|43	38
2296	-1|44	39
2297	-2|44	25
2298	-2|45	26
2299	-2|46	27
2300	-1|45	40
2301	-1|46	41
2302	-2|47	0
2303	-1|47	0
2304	-2|48	0
2305	-1|48	0
2306	-2|49	0
2307	-1|49	0
2308	0|48	0
2309	0|47	0
2310	0|46	0
2311	0|45	55
2312	0|44	54
2313	0|43	53
2314	0|42	52
2315	0|41	51
2316	1|40	67
2317	1|41	68
2318	1|42	69
2319	1|43	70
2320	1|44	71
2321	1|45	0
2322	1|46	0
2323	2|44	87
2324	2|43	86
2325	2|42	85
2326	2|41	84
2327	2|40	83
2328	3|41	109
2329	3|42	0
2330	3|43	110
2331	3|44	111
2332	4|42	0
2333	4|43	137
2334	-7|50	0
2335	-6|50	0
2336	-5|50	0
2337	-4|50	0
2338	-3|50	0
2339	-6|51	0
2340	-5|51	0
2341	-4|51	0
2342	-4|52	0
2343	-6|53	0
2344	-7|53	0
2345	-7|52	0
2346	-6|52	0
2347	-5|52	0
2348	-5|53	0
2349	-8|47	0
2350	-8|48	0
2351	-8|49	0
2352	-8|50	0
2353	-8|51	0
2354	-8|52	0
2355	-7|51	0
2356	-9|49	0
2357	-9|50	0
2358	-9|51	0
