格子ID	一次性元素	固定元素	可能产生随机元素	特殊格子	位置
id	onceElement	immobilizationElement	isRandomElement	specialGrid	pos
Int	Strings	String	Int	String	Ints
1		element.1	1		-5|43
2			1		-5|44
3			1		-5|45
4			1		-4|43
5			1		-4|44
6			1		-4|45
7			1		-3|31
8			1		-3|32
9			1		-3|33
10			1		-3|34
11			1		-3|35
12			1		-3|36
13			1		-3|44
14			1		-3|45
15			1		-2|30
16			1		-2|31
17			1		-2|32
18			1		-2|33
19			1		-2|34
20			1		-2|35
21			1		-2|36
22			1		-2|37
23		element.15	1		-2|38
24	14|element.112	element.13	1		-2|39
25			1		-2|44
26			0		-2|45
27			1		-2|46
28		element.4	1		-1|25
29		element.15	1		-1|26
30			1		-1|29
31			1		-1|30
32			1		-1|35
33			1		-1|36
34			1		-1|37
35		element.15	1		-1|38
36		creature.4	1		-1|39
37			1		-1|40
38			1		-1|43
39			1		-1|44
40			1		-1|45
41			1		-1|46
42		element.15	1		0|21
43		element.17	1		0|22
44	13|element.111	element.13	1		0|25
45		creature.15	1		0|26
46			1		0|27
47			1		0|28
48			1		0|29
49			1		0|39
50			1		0|40
51			1		0|41
52			1		0|42
53			1		0|43
54			1		0|44
55			1		0|45
56		element.17	1		1|20
57		mine.2	1		1|21
58		element.15	1		1|22
59			1		1|26
60			1		1|27
61			1		1|28
62		creature.27	1		1|29
63			1		1|30
64			1		1|31
65		element.15	1		1|32
66			1		1|39
67			1		1|40
68			1		1|41
69			1		1|42
70			1		1|43
71			1		1|44
72		element.15	1		1|47
73		element.14	1		1|48
74		element.15	1		2|20
75		element.14	1		2|21
76			1		2|22
77			1		2|29
78		element.17	1		2|30
79		element.15	1		2|31
80		element.5	1		2|32
81		element.9	1		2|35
82		element.6	1		2|36
83			1		2|40
84			1		2|41
85			1		2|42
86			1		2|43
87			1		2|44
88	4|element.102	element.13	1		2|46
89		element.15	1		2|47
90		mine.1	1		2|48
91			1		3|13
92			1		3|14
93			1		3|15
94			1		3|16
95			1		3|17
96			1		3|18
97			1		3|19
98			1		3|20
99			1		3|21
100			1		3|22
101			1		3|28
102			1		3|29
103			1		3|30
104		element.17	1		3|31
105		element.15	1		3|34
106		element.15	1		3|35
107		element.14	1		3|36
108			1		3|40
109			1		3|41
110			1		3|43
111			1		3|44
112		creature.5	1		3|45
113		element.15	1		3|46
114		element.9	1		3|47
115			1		4|12
116			1		4|13
117			1		4|14
118			1		4|15
119			1		4|16
120			1		4|17
121			1		4|18
122			1		4|19
123			0		4|20
124			1		4|21
125			1		4|22
126			1		4|23
127			1		4|24
128			1		4|25
129			1		4|26
130			1		4|27
131			1		4|28
132			1		4|29
133			1		4|30
134			1		4|34
135			1		4|35
136		creature.6	1		4|40
137			1		4|43
138			1		4|44
139			1		5|11
140			1		5|12
141			1		5|13
142			1		5|14
143			1		5|15
144			1		5|16
145			1		5|17
146			1		5|18
147			1		5|19
148			1		5|20
149			1		5|21
150			1		5|22
151			1		5|23
152			1		5|24
153			1		5|25
154			1		5|26
155			1		5|27
156			1		5|28
157			1		5|29
158			1		5|33
159			1		5|34
160		element.15	1		5|38
161		element.15	1		5|39
162	8|element.106	element.13	1		5|40
163			1		5|43
164			1		5|44
165			1		6|10
166			1		6|11
167			1		6|12
168			1		6|13
169			1		6|24
170			1		6|25
171			1		6|26
172			1		6|33
173			1		6|34
174			1		6|35
175			1		6|36
176			1		6|37
177		element.9	1		6|38
178		element.15	1		6|39
179			1		6|43
180		creature.7	1		6|44
181		element.15	1		6|45
182		element.14	1		6|46
183			1		6|47
184			1		7|9
185			1		7|10
186			1		7|11
187			1		7|12
188			1		7|24
189			1		7|25
190			1		7|32
191			1		7|33
192			1		7|34
193			1		7|35
194			1		7|36
195			1		7|37
196	6|element.104	element.13	1		7|44
197		element.15	1		7|45
198			1		7|46
199			1		7|47
200			1		8|9
201			1		8|10
202			1		8|11
203		creature.14	1		8|24
204		mine.3	1		8|28
205		element.15	1		8|29
206			1		8|31
207			1		8|32
208			1		8|33
209			1		8|34
210			1		8|35
211		element.9	1		8|44
212			1		8|45
213			1		8|46
214			1		8|47
215			1		9|9
216			1		9|10
217		element.15	1		9|16
218		element.9	1		9|17
219			1		9|23
220			1		9|24
221	12|element.110	element.13	1		9|28
222		creature.13	1		9|29
223			1		9|30
224			1		9|31
225			1		9|32
226			1		9|33
227			1		9|34
228		element.7	1		9|40
229			1		9|41
230			1		9|42
231			1		9|43
232			1		9|44
233			1		9|45
234			1		9|46
235			1		9|47
236			1		10|9
237		element.14	1		10|15
238		element.4	1		10|16
239		element.15	1		10|17
240			1		10|22
241			1		10|23
242			1		10|24
243			1		10|29
244			1		10|30
245			0		10|31
246			1		10|32
247			1		10|33
248			1		10|34
249			1		10|40
250			1		10|41
251			1		10|42
252			1		10|43
253			1		10|44
254			1		10|45
255		element.4	1		10|46
256			1		11|6
257			1		11|7
258		creature.1	1		11|8
259			1		11|13
260			1		11|14
261		element.15	1		11|15
262		element.15	1		11|16
263			1		11|21
264			1		11|22
265			1		11|23
266			1		11|24
267			1		11|28
268			1		11|29
269			1		11|30
270			1		11|31
271			1		11|32
272			1		11|33
273			1		11|34
274			1		11|40
275			1		11|41
276			1		11|42
277			1		12|5
278			1		12|6
279			1		12|7
280			1		12|8
281			1		12|9
282			1		12|10
283			1		12|11
284			1		12|12
285			1		12|13
286			1		12|14
287			1		12|15
288			1		12|20
289			1		12|21
290			1		12|22
291			1		12|23
292			1		12|27
293			1		12|28
294			1		12|29
295			1		12|30
296			1		12|31
297			1		12|32
298			1		12|33
299			1		12|40
300			1		12|41
301			1		12|42
302			1		13|4
303			1		13|5
304			1		13|6
305			1		13|7
306			1		13|8
307			1		13|9
308			1		13|10
309			1		13|11
310			1		13|12
311			1		13|13
312			1		13|14
313			1		13|15
314			1		13|20
315			1		13|21
316			1		13|22
317			1		13|26
318			1		13|27
319			1		13|28
320			1		13|29
321			1		13|30
322		creature.8	1		13|42
323		element.9	1		13|43
324			1		13|44
325			1		14|3
326			1		14|4
327			1		14|5
328			1		14|6
329			1		14|7
330			1		14|8
331			1		14|9
332			1		14|10
333			1		14|11
334			1		14|12
335			1		14|13
336			1		14|14
337			1		14|15
338			1		14|20
339			1		14|21
340			1		14|22
341			1		14|26
342			1		14|27
343			1		14|28
344			1		14|29
345	3|element.101	element.13	1		14|41
346		element.15	1		14|42
347			1		14|43
348			1		14|44
349			1		15|2
350			1		15|3
351			1		15|9
352			1		15|10
353			1		15|11
354			1		15|12
355			1		15|13
356			1		15|14
357			1		15|15
358			1		15|16
359			1		15|17
360			1		15|20
361			1		15|21
362			1		15|22
363			1		15|25
364			1		15|26
365			1		15|27
366			1		15|28
367		element.15	1		15|30
368	11|element.109	element.13	1		15|31
369	7|element.105	element.13	1		15|38
370		element.15	1		15|39
371		element.15	1		15|41
372			0		15|42
373			1		15|43
374		element.6	1		15|44
375		creature.16	1		16|2
376			1		16|9
377			1		16|10
378			1		16|11
379			1		16|12
380			1		16|13
381			1		16|14
382			1		16|15
383			1		16|16
384			1		16|20
385			1		16|21
386			1		16|22
387			1		16|23
388			1		16|24
389			1		16|25
390			1		16|26
391			1		16|27
392			1		16|28
393		creature.12	1		16|29
394		element.14	1		16|30
395			1		16|34
396		mine.5	1		16|35
397		element.14	1		16|38
398		creature.9	1		16|39
399			1		16|40
400			1		16|41
401			1		16|42
402			1		16|43
403			1		17|1
404			1		17|2
405		element.14	1		17|5
406	9|element.107	element.13	1		17|6
407			1		17|11
408			1		17|12
409			1		17|13
410			1		17|14
411			1		17|15
412			1		17|20
413			1		17|21
414			1		17|22
415			1		17|23
416			1		17|24
417			1		17|25
418			1		17|26
419			1		17|27
420			1		17|28
421		creature.11	1		17|34
422			1		17|39
423			1		17|40
424			1		17|41
425			1		18|0
426			1		18|1
427			1		18|2
428			1		18|3
429		creature.17	1		18|4
430		element.15	1		18|5
431			1		18|12
432			1		18|13
433			1		18|14
434			1		18|15
435			1		18|16
436			1		18|17
437			1		18|21
438			1		18|22
439			1		18|23
440			1		18|24
441			1		18|25
442			1		18|26
443			1		18|27
444			1		18|28
445			1		18|32
446			1		18|33
447			1		18|34
448			1		18|35
449			1		18|39
450			1		18|40
451			1		18|41
452			1		19|0
453			1		19|1
454			1		19|2
455			1		19|3
456			1		19|12
457			1		19|13
458			1		19|14
459			1		19|15
460			1		19|16
461			1		19|17
462			1		19|20
463			1		19|21
464			1		19|22
465			1		19|23
466			1		19|24
467			1		19|25
468			1		19|26
469			1		19|27
470			1		19|28
471			1		19|29
472			1		19|30
473			1		19|31
474			1		19|32
475			1		19|33
476			1		19|34
477			1		19|35
478			1		19|39
479			1		19|40
480		element.5	1		19|43
481		element.9	1		19|44
482			1		20|0
483			1		20|1
484			1		20|2
485			1		20|3
486			1		20|4
487			1		20|5
488			1		20|6
489			1		20|11
490			1		20|12
491			1		20|13
492			1		20|14
493			1		20|15
494			1		20|16
495			1		20|17
496			1		20|20
497			1		20|21
498			1		20|22
499			1		20|23
500			1		20|24
501			1		20|25
502			1		20|26
503			1		20|27
504			1		20|28
505			1		20|29
506			1		20|30
507			1		20|34
508			1		20|35
509		creature.10	1		20|39
510	5|element.103	element.13	1		20|42
511		element.15	1		20|43
512		element.15	1		20|44
513			1		21|3
514			1		21|4
515			1		21|5
516			1		21|6
517			1		21|10
518			1		21|11
519			1		21|12
520			1		21|13
521			1		21|14
522			1		21|15
523			1		21|16
524			1		21|17
525			1		21|18
526		creature.2	1		21|19
527			1		21|34
528			1		21|35
529			1		21|36
530			1		21|37
531			1		21|38
532			1		21|39
533			1		21|40
534		element.15	1		21|42
535			1		21|43
536			1		22|3
537			1		22|4
538			1		22|5
539			1		22|6
540			1		22|9
541			1		22|10
542			1		22|11
543			1		22|12
544			1		22|13
545			1		22|14
546			1		22|15
547			1		22|16
548			1		22|17
549			1		22|18
550			1		22|19
551			1		22|34
552			1		22|35
553			1		22|36
554			1		22|37
555			1		22|38
556			1		22|39
557			1		22|40
558			1		22|41
559			1		22|42
560		element.14	1		23|-1
561		element.3	1		23|0
562			1		23|2
563			1		23|3
564			1		23|4
565			1		23|5
566			1		23|6
567		element.15	1		23|7
568		creature.18	1		23|8
569			1		23|9
570			1		23|10
571			1		23|11
572			0		23|12
573			0		23|13
574			1		23|14
575			1		23|15
576			1		23|16
577			1		23|17
578			1		23|18
579			1		23|19
580			1		23|20
581			1		23|21
582			1		23|22
583			1		23|23
584			1		23|24
585			1		23|25
586			1		23|26
587			1		23|27
588			1		23|28
589			1		23|29
590			1		23|30
591			1		23|38
592			1		23|39
593			1		23|40
594			1		23|41
595		element.15	1		24|-1
596		creature.19	1		24|0
597			1		24|1
598			1		24|2
599			1		24|3
600			1		24|4
601			1		24|5
602		element.15	1		24|6
603		element.14	1		24|7
604			1		24|10
605			0		24|11
606		element.2	1		24|12
607			0		24|13
608			1		24|14
609			1		24|15
610			1		24|16
611			1		24|17
612			1		24|18
613			1		24|19
614			1		24|20
615			1		24|21
616			1		24|22
617			1		24|23
618			1		24|24
619			1		24|25
620			1		24|26
621			1		24|27
622			1		24|28
623			1		24|29
624			1		24|30
625			1		24|31
626			1		24|38
627			1		24|39
628			1		24|40
629			1		25|0
630			1		25|1
631			1		25|3
632			1		25|4
633			1		25|5
634			1		25|6
635			1		25|10
636			0		25|11
637			0		25|12
638			1		25|13
639			1		25|14
640			1		25|15
641			1		25|16
642			1		25|17
643			1		25|18
644			1		25|19
645			1		25|20
646			1		25|21
647			1		25|22
648			1		25|27
649			1		25|28
650			1		25|29
651			1		25|30
652			1		25|31
653			1		25|32
654			1		25|33
655			1		25|34
656			1		25|35
657			1		25|37
658			1		26|-1
659			1		26|0
660			1		26|3
661			1		26|4
662			1		26|5
663			1		26|6
664			1		26|10
665			1		26|11
666			1		26|12
667			1		26|13
668			1		26|14
669			1		26|15
670			1		26|16
671			1		26|17
672			1		26|18
673			1		26|19
674			1		26|20
675			1		26|21
676			1		26|28
677			1		26|29
678			1		26|30
679			1		26|31
680			1		26|32
681			1		26|33
682			1		26|34
683			1		26|35
684		creature.3	1		26|36
685			1		27|-2
686			1		27|-1
687		element.15	1		27|2
688			1		27|3
689			1		27|4
690			1		27|5
691			1		27|6
692			1		27|19
693			1		27|20
694			1		27|21
695			1		27|29
696			1		27|30
697			1		27|31
698			1		27|32
699			1		27|33
700			1		27|34
701			1		27|35
702			1		28|-3
703			1		28|-2
704		element.4	1		28|1
705		element.15	1		28|2
706			1		28|3
707		element.15	1		28|4
708		element.6	1		28|5
709			1		28|19
710			1		28|20
711		creature.20	1		28|21
712		element.15	1		28|22
713		element.9	1		28|23
714			1		28|24
715			1		29|-3
716			1		29|-2
717			1		29|2
718			1		29|3
719	10|element.108	element.13	1		29|4
720		element.14	1		29|14
721		element.3	1		29|15
722		element.14	1		29|21
723			1		29|22
724			1		29|23
725			1		29|24
726			1		30|-3
727			1		30|-2
728			1		30|2
729		element.15	1		30|3
730		element.14	1		30|9
731		element.15	1		30|10
732		element.15	1		30|13
733		element.17	1		30|14
734		element.17	1		30|15
735			1		30|23
736			1		30|24
737			1		31|-3
738			1		31|-2
739			1		31|-1
740			1		31|0
741			1		31|1
742			1		31|2
743		element.17	1		31|9
744		creature.23	1		31|10
745			1		31|11
746			1		31|12
747		element.17	1		31|13
748		element.15	1		31|14
749			1		31|17
750			1		31|18
751		creature.21	1		31|23
752			1		32|-3
753			1		32|-2
754			1		32|-1
755			1		32|0
756			1		32|1
757		element.15	1		32|5
758		element.17	1		32|6
759			1		32|10
760			1		32|13
761			1		32|14
762			1		32|16
763			1		32|17
764			1		32|18
765			1		32|19
766			1		32|20
767		element.15	1		32|21
768		element.17	1		32|22
769			1		33|-3
770			1		33|-2
771			1		33|-1
772			1		33|0
773		element.17	1		33|4
774	1|element.19	element.20	1		33|5
775	15|element.113	element.12	1		33|6
776			1		33|9
777			1		33|10
778			1		33|13
779		creature.22	1		33|14
780			1		33|15
781		creature.26	1		34|-2
782		element.15	1		34|4
783		element.15	1		34|5
784		creature.24	1		34|6
785			1		34|9
786		element.15	1		35|-3
787		element.15	1		35|-2
788			1		35|6
789			1		35|7
790			1		35|8
791		element.15	1		36|-4
792		element.14	1		36|-3
793		element.13	1		36|-2
794			1		36|5
795			1		36|6
796			1		36|7
797		element.17	1		37|-5
798		element.15	1		37|-4
799		element.15	1		37|-3
800		element.15	1		37|-2
801		element.17	1		37|-1
802		creature.25	1		37|0
803			1		37|1
804			1		37|2
805			1		37|3
806			1		37|4
807		element.3	1		38|-5
808		element.15	1		38|-4
809		element.13	1		38|-3
810		element.14	1		38|-2
811		element.15	1		38|-1
