等级	主角ID	最低英雄基础星级	最高英雄基础星级	英雄数	突破等级	军队等级	技能等级	基础怒气	命中率	闪避率	暴击率	抗暴率	伤害加成	伤害减免	暴击伤害	暴击减伤	技能伤害加成	技能伤害减免	无视护甲	无视技防	治疗加成	怒气回复加成	负面抗性
level	mainId	starMin	starMax	heroNun	talentLevel	soldierLevel	skillLevel	baseMp	baseHit	baseDodge	baseCrit	baseResi	dmgIncrease	dmgReduce	critDmgIncrease	critDmgReduce	skillDmgIncrease	skillDmgReduce	ignoreDef	ignoreMag	cureIncrease	recoverMp	repleNegative
Int	Int	Int	Int	Int	Int	Int	Int	Int	Int	Int	Int	Int	Int	Int	Int	Int	Int	Int	Int	Int	Int	Int	Int
1	20000	1	4	3	0	1	1	0	0	0	0	0	0	0	0	0	0	0	0	0	0	0	0
2	20000	1	4	3	0	1	1	0.11325112017	0.22599890203	0.22599890203	0.22599890203	0.22599890203	0.22599890203	0.22599890203	0.13841803577	0	0.075500746782	0.17616840916	0.062917288985	0.062917288985	0.062917288985	0.062917288985	0.062917288985
3	20000	1	4	3	0	1	1	0.39436330584	0.78697388588	0.78697388588	0.78697388588	0.78697388588	0.78697388588	0.78697388588	0.48199959603	0	0.26290887056	0.61345403131	0.21909072547	0.21909072547	0.21909072547	0.21909072547	0.21909072547
4	20000	1	4	3	0	1	1	0.8182024297	1.6327684042	1.6327684042	1.6327684042	1.6327684042	1.6327684042	1.6327684042	1.0000251919	0	0.54546828647	1.2727593351	0.45455690539	0.45455690539	0.45455690539	0.45455690539	0.45455690539
5	20000	1	4	3	0	1	1	1.3732527922	2.7404022386	2.7404022386	2.7404022386	2.7404022386	2.7404022386	2.7404022386	1.6784200793	0	0.91550186145	2.13617101	0.76291821787	0.76291821787	0.76291821787	0.76291821787	0.76291821787
6	20000	1	4	3	0	1	1	2.0520527197	4.0949852052	4.0949852052	4.0949852052	4.0949852052	4.0949852052	4.0949852052	2.5080644352	0	1.3680351465	3.1920820085	1.1400292887	1.1400292887	1.1400292887	1.1400292887	1.1400292887
7	20000	1	4	3	0	1	1	2.8491463443	5.6856298159	5.6856298159	5.6856298159	5.6856298159	5.6856298159	5.6856298159	3.4822899763	0	1.8994308962	4.4320054244	1.5828590802	1.5828590802	1.5828590802	1.5828590802	1.5828590802
8	20000	1	4	3	0	1	1	3.7602695542	7.5038267993	7.5038267993	7.5038267993	7.5038267993	7.5038267993	7.5038267993	4.5958850107	0	2.5068463695	5.8493081954	2.0890386412	2.0890386412	2.0890386412	2.0890386412	2.0890386412
9	20000	1	4	3	0	1	1	4.7819439671	9.5426348499	9.5426348499	9.5426348499	9.5426348499	9.5426348499	9.5426348499	5.844598182	0	3.1879626447	7.4385795044	2.6566355373	2.6566355373	2.6566355373	2.6566355373	2.6566355373
10	20000	1	4	3	0	1	1	5.9112458663	11.796219529	11.796219529	11.796219529	11.796219529	11.796219529	11.796219529	7.2248560588	0	3.9408305775	9.1952713476	3.2840254813	3.2840254813	3.2840254813	3.2840254813	3.2840254813
11	20000	1	4	3	0	1	1	7.1456626043	14.259566708	14.259566708	14.259566708	14.259566708	14.259566708	14.259566708	8.7335876275	0	4.7637750696	11.115475162	3.969812558	3.969812558	3.969812558	3.969812558	3.969812558
12	20000	1	4	3	0	1	1	8.4829975119	16.928292813	16.928292813	16.928292813	16.928292813	16.928292813	16.928292813	10.36810807	0	5.6553316746	13.195773907	4.7127763955	4.7127763955	4.7127763955	4.7127763955	4.7127763955
13	20000	1	4	3	0	1	1	9.9213038197	19.798512956	19.798512956	19.798512956	19.798512956	19.798512956	19.798512956	12.126038002	0	6.6142025465	15.433139275	5.5118354554	5.5118354554	5.5118354554	5.5118354554	5.5118354554
14	20000	1	4	4	0	1	1	11.458836968	22.866745771	22.866745771	22.866745771	22.866745771	22.866745771	22.866745771	14.005245183	0	7.6392246452	17.824857506	6.3660205377	6.3660205377	6.3660205377	6.3660205377	6.3660205377
15	20000	1	4	4	0	1	1	13.094019114	26.129842588	26.129842588	26.129842588	26.129842588	26.129842588	26.129842588	16.00380114	0	8.7293460761	20.368474178	7.2744550635	7.2744550635	7.2744550635	7.2744550635	7.2744550635
16	20000	1	4	4	0	1	1	14.825412046	29.584933371	29.584933371	29.584933371	29.584933371	29.584933371	29.584933371	18.119948056	0	9.8836080304	23.061752071	8.2363400253	8.2363400253	8.2363400253	8.2363400253	8.2363400253
17	20000	1	4	4	0	1	1	16.651696057	33.229384576	33.229384576	33.229384576	33.229384576	33.229384576	33.229384576	20.352072958	0	11.101130705	25.902638311	9.2509422538	9.2509422538	9.2509422538	9.2509422538	9.2509422538
18	20000	1	4	4	0	1	1	18.571653183	37.060765685	37.060765685	37.060765685	37.060765685	37.060765685	37.060765685	22.698687223	0	12.381102122	28.889238284	10.317585102	10.317585102	10.317585102	10.317585102	10.317585102
19	20000	1	4	4	0	1	1	20.584153675	41.076822222	41.076822222	41.076822222	41.076822222	41.076822222	41.076822222	25.158410047	0	13.722769117	32.019794605	11.43564093	11.43564093	11.43564093	11.43564093	11.43564093
20	20000	1	4	4	0	1	1	22.688144946	45.275453692	45.275453692	45.275453692	45.275453692	45.275453692	45.275453692	27.729954934	0	15.125429964	35.292669916	12.60452497	12.60452497	12.60452497	12.60452497	12.60452497
21	20000	1	4	4	0	1	1	24.882642421	49.654695321	49.654695321	49.654695321	49.654695321	49.654695321	49.654695321	30.412118515	0	16.588428281	38.706332655	13.823690234	13.823690234	13.823690234	13.823690234	13.823690234
22	20000	1	4	4	0	1	1	27.166721891	54.212702796	54.212702796	54.212702796	54.212702796	54.212702796	54.212702796	33.2037712	0	18.111147927	42.259345164	15.092623273	15.092623273	15.092623273	15.092623273	15.092623273
23	20000	1	4	4	0	1	1	29.53951305	58.947739374	58.947739374	58.947739374	58.947739374	58.947739374	58.947739374	36.103849283	0	19.6930087	45.950353633	16.410840583	16.410840583	16.410840583	16.410840583	16.410840583
24	20000	1	4	4	0	1	1	32.000193996	63.858164907	63.858164907	63.858164907	63.858164907	63.858164907	63.858164907	39.111348217	0	21.333462664	49.778079549	17.777885553	17.777885553	17.777885553	17.777885553	17.777885553
25	20000	1	4	4	0	1	1	34.547986515	68.942426424	68.942426424	68.942426424	68.942426424	68.942426424	68.942426424	42.225316852	0	23.03199101	53.741312357	19.193325842	19.193325842	19.193325842	19.193325842	19.193325842
26	20000	1	4	4	0	1	1	37.182152002	74.199049994	74.199049994	74.199049994	74.199049994	74.199049994	74.199049994	45.444852446	0	24.788101334	57.838903114	20.656751112	20.656751112	20.656751112	20.656751112	20.656751112
27	20000	1	4	4	0	1	1	39.901987908	79.626633648	79.626633648	79.626633648	79.626633648	79.626633648	79.626633648	48.769096332	0	26.601325272	62.069758968	22.16777106	22.16777106	22.16777106	22.16777106	22.16777106
28	20000	1	4	4	0	1	1	42.706824648	85.223841187	85.223841187	85.223841187	85.223841187	85.223841187	85.223841187	52.197230125	0	28.471216432	66.432838341	23.726013693	23.726013693	23.726013693	23.726013693	23.726013693
29	20000	1	4	4	0	1	1	45.596022863	90.989396735	90.989396735	90.989396735	90.989396735	90.989396735	90.989396735	55.728472388	0	30.397348575	70.927146675	25.331123813	25.331123813	25.331123813	25.331123813	25.331123813
30	20000	1	4	5	0	1	1	48.568971012	96.92207993	96.92207993	96.92207993	96.92207993	96.92207993	96.92207993	59.362075681	0	32.379314008	75.551732685	26.982761673	26.982761673	26.982761673	26.982761673	26.982761673
31	20003	1	4	5	0	1	1	51.625083229	103.02072164	103.02072164	103.02072164	103.02072164	103.02072164	103.02072164	63.097323947	0	34.416722153	80.305685023	28.680601794	28.680601794	28.680601794	28.680601794	28.680601794
32	20003	1	4	5	0	1	1	54.763797416	109.28420018	109.28420018	109.28420018	109.28420018	109.28420018	109.28420018	66.933530176	0	36.509198278	85.188129314	30.424331898	30.424331898	30.424331898	30.424331898	30.424331898
33	20003	1	4	5	0	1	1	57.984573528	115.71143784	115.71143784	115.71143784	115.71143784	115.71143784	115.71143784	70.870034312	0	38.656382352	90.198225488	32.21365196	32.21365196	32.21365196	32.21365196	32.21365196
34	20003	1	4	6	0	1	1	61.28689204	122.30139789	122.30139789	122.30139789	122.30139789	122.30139789	122.30139789	74.906201382	0	40.857928026	95.335165395	34.048273355	34.048273355	34.048273355	34.048273355	34.048273355
35	20003	1	4	6	0	1	1	64.670252558	129.05308177	129.05308177	129.05308177	129.05308177	129.05308177	129.05308177	79.041419793	0	43.113501705	100.59817065	35.927918088	35.927918088	35.927918088	35.927918088	35.927918088
36	20003	1	4	6	0	1	1	68.134172571	135.9655266	135.9655266	135.9655266	135.9655266	135.9655266	135.9655266	83.275099809	0	45.422781714	105.98649067	37.852318095	37.852318095	37.852318095	37.852318095	37.852318095
37	20003	1	4	6	0	1	1	71.678186306	143.0378029	143.0378029	143.0378029	143.0378029	143.0378029	143.0378029	87.606672152	0	47.785457538	111.49940092	39.821214615	39.821214615	39.821214615	39.821214615	39.821214615
38	20003	1	4	7	0	1	1	75.3018437	150.26901254	150.26901254	150.26901254	150.26901254	150.26901254	150.26901254	92.035586745	0	50.201229134	117.13620131	41.834357611	41.834357611	41.834357611	41.834357611	41.834357611
39	20003	1	4	7	0	1	1	79.00470945	157.65828686	157.65828686	157.65828686	157.65828686	157.65828686	157.65828686	96.561311551	0	52.6698063	122.8962147	43.89150525	43.89150525	43.89150525	43.89150525	43.89150525
40	20003	1	4	7	1	1	1	82.786362152	165.20478492	165.20478492	165.20478492	165.20478492	165.20478492	165.20478492	101.18333152	0	55.190908101	128.77878557	45.992423418	45.992423418	45.992423418	45.992423418	45.992423418
41	20003	1	4	7	1	1	1	86.646393505	172.90769193	172.90769193	172.90769193	172.90769193	172.90769193	172.90769193	105.90114762	0	57.764262337	134.78327879	48.13688528	48.13688528	48.13688528	48.13688528	48.13688528
42	20003	1	4	7	1	1	1	90.584407587	180.76621781	180.76621781	180.76621781	180.76621781	180.76621781	180.76621781	110.71427594	0	60.389605058	140.90907847	50.324670882	50.324670882	50.324670882	50.324670882	50.324670882
43	20003	1	4	7	1	1	1	94.600020181	188.77959583	188.77959583	188.77959583	188.77959583	188.77959583	188.77959583	115.62224689	0	63.066680121	147.15558695	52.555566767	52.555566767	52.555566767	52.555566767	52.555566767
44	20003	1	4	7	1	1	1	98.692858157	196.94708139	196.94708139	196.94708139	196.94708139	196.94708139	196.94708139	120.62460441	0	65.795238772	153.5222238	54.829365643	54.829365643	54.829365643	54.829365643	54.829365643
45	20003	1	4	7	1	1	1	102.8625589	205.26795087	205.26795087	205.26795087	205.26795087	205.26795087	205.26795087	125.72090532	0	68.575039266	160.00842495	57.145866055	57.145866055	57.145866055	57.145866055	57.145866055
46	20003	1	4	7	1	1	1	107.10876977	213.74150057	213.74150057	213.74150057	213.74150057	213.74150057	213.74150057	130.91071861	0	71.405846515	166.61364187	59.504872096	59.504872096	59.504872096	59.504872096	59.504872096
47	20003	1	4	7	1	1	1	111.43114763	222.36704572	222.36704572	222.36704572	222.36704572	222.36704572	222.36704572	136.19362489	0	74.287431756	173.33734077	61.90619313	61.90619313	61.90619313	61.90619313	61.90619313
48	20003	1	4	7	1	1	1	115.82935837	231.1439196	231.1439196	231.1439196	231.1439196	231.1439196	231.1439196	141.56921579	0	77.21957225	180.17900192	64.349643541	64.349643541	64.349643541	64.349643541	64.349643541
49	20003	1	4	7	1	1	1	120.30307649	240.07147263	240.07147263	240.07147263	240.07147263	240.07147263	240.07147263	147.03709348	0	80.202050991	187.13811898	66.835042493	66.835042493	66.835042493	66.835042493	66.835042493
50	20003	1	4	7	2	2	1	124.85198468	249.14907164	249.14907164	249.14907164	249.14907164	249.14907164	249.14907164	152.59687016	0	83.23465645	194.21419838	69.362213709	69.362213709	69.362213709	69.362213709	69.362213709
51	20004	4	5	7	2	2	1	129.47577348	258.37609907	258.37609907	258.37609907	258.37609907	258.37609907	258.37609907	158.24816758	0	86.317182319	201.40675874	71.930985266	71.930985266	71.930985266	71.930985266	71.930985266
52	20004	4	5	7	2	2	1	134.17414092	267.75195233	267.75195233	267.75195233	267.75195233	267.75195233	267.75195233	163.99061668	0	89.449427282	208.71533033	74.541189402	74.541189402	74.541189402	74.541189402	74.541189402
53	20004	4	5	7	2	2	1	138.9467922	277.2760431	277.2760431	277.2760431	277.2760431	277.2760431	277.2760431	169.82385713	0	92.631194801	216.13945453	77.192662334	77.192662334	77.192662334	77.192662334	77.192662334
54	20004	4	5	7	2	2	1	143.79343936	286.94779677	286.94779677	286.94779677	286.94779677	286.94779677	286.94779677	175.74753699	0	95.862292906	223.67868345	79.885244088	79.885244088	79.885244088	79.885244088	79.885244088
55	20004	4	5	7	2	2	1	148.71380102	296.76665181	296.76665181	296.76665181	296.76665181	296.76665181	296.76665181	181.76131235	0	99.142534011	231.33257936	82.618778342	82.618778342	82.618778342	82.618778342	82.618778342
56	20004	4	5	7	2	2	1	153.70760209	306.73205928	306.73205928	306.73205928	306.73205928	306.73205928	306.73205928	187.864847	0	102.47173473	239.10071436	85.393112273	85.393112273	85.393112273	85.393112273	85.393112273
57	20004	4	5	7	2	2	1	158.77457355	316.84348233	316.84348233	316.84348233	316.84348233	316.84348233	316.84348233	194.05781212	0	105.8497157	246.98266997	88.208096416	88.208096416	88.208096416	88.208096416	88.208096416
58	20004	4	5	7	2	2	1	163.91445216	327.10039565	327.10039565	327.10039565	327.10039565	327.10039565	327.10039565	200.33988598	0	109.27630144	254.9780367	91.063584536	91.063584536	91.063584536	91.063584536	91.063584536
59	20004	4	5	7	2	2	1	169.12698029	337.50228512	337.50228512	337.50228512	337.50228512	337.50228512	337.50228512	206.71075369	0	112.75132019	263.08641379	93.959433495	93.959433495	93.959433495	93.959433495	93.959433495
60	20004	4	5	7	3	2	1	174.41190565	348.04864728	348.04864728	348.04864728	348.04864728	348.04864728	348.04864728	213.17010691	0	116.27460377	271.3074088	96.895503141	96.895503141	96.895503141	96.895503141	96.895503141
61	20004	4	5	7	3	2	1	179.76898114	358.73898903	358.73898903	358.73898903	358.73898903	358.73898903	358.73898903	219.71764362	0	119.84598743	279.64063733	99.87165619	99.87165619	99.87165619	99.87165619	99.87165619
62	20004	4	5	7	3	2	1	185.19796462	369.57282718	369.57282718	369.57282718	369.57282718	369.57282718	369.57282718	226.35306787	0	123.46530975	288.08572275	102.88775812	102.88775812	102.88775812	102.88775812	102.88775812
63	20004	4	5	7	3	2	1	190.69861876	380.5496881	380.5496881	380.5496881	380.5496881	380.5496881	380.5496881	233.07608959	0	127.1324125	296.64229584	105.94367709	105.94367709	105.94367709	105.94367709	105.94367709
64	20004	4	5	7	3	2	1	196.27071083	391.66910739	391.66910739	391.66910739	391.66910739	391.66910739	391.66910739	239.88642435	0	130.84714055	305.30999462	109.03928379	109.03928379	109.03928379	109.03928379	109.03928379
65	20004	4	5	7	3	2	1	201.91401259	402.93062957	402.93062957	402.93062957	402.93062957	402.93062957	402.93062957	246.78379317	0	134.60934173	314.08846403	112.17445144	112.17445144	112.17445144	112.17445144	112.17445144
66	20004	4	5	7	3	2	1	207.62830009	414.33380774	414.33380774	414.33380774	414.33380774	414.33380774	414.33380774	253.76792234	0	138.41886673	322.9773557	115.34905561	115.34905561	115.34905561	115.34905561	115.34905561
67	20004	4	5	7	3	2	1	213.41335355	425.87820331	425.87820331	425.87820331	425.87820331	425.87820331	425.87820331	260.83854323	0	142.27556903	331.97632775	118.5629742	118.5629742	118.5629742	118.5629742	118.5629742
68	20004	4	5	7	3	2	1	219.2689572	437.56338571	437.56338571	437.56338571	437.56338571	437.56338571	437.56338571	267.99539214	0	146.1793048	341.08504454	121.81608734	121.81608734	121.81608734	121.81608734	121.81608734
69	20004	4	5	7	3	2	1	225.19489917	449.38893213	449.38893213	449.38893213	449.38893213	449.38893213	449.38893213	275.2382101	0	150.12993278	350.30317649	125.10827732	125.10827732	125.10827732	125.10827732	125.10827732
70	20004	4	5	7	4	3	1	231.19097134	461.35442726	461.35442726	461.35442726	461.35442726	461.35442726	461.35442726	282.56674275	0	154.12731423	359.63039987	128.43942852	128.43942852	128.43942852	128.43942852	128.43942852
71	20005	5	6	7	4	3	1	237.25696924	473.45946307	473.45946307	473.45946307	473.45946307	473.45946307	473.45946307	289.98074019	0	158.17131283	369.0663966	131.80942736	131.80942736	131.80942736	131.80942736	131.80942736
72	20005	5	6	7	4	3	1	243.39269193	485.70363856	485.70363856	485.70363856	485.70363856	485.70363856	485.70363856	297.4799568	0	162.26179462	378.61085411	135.21816218	135.21816218	135.21816218	135.21816218	135.21816218
73	20005	5	6	7	4	3	1	249.59794186	498.08655953	498.08655953	498.08655953	498.08655953	498.08655953	498.08655953	305.06415116	0	166.39862791	388.26346512	138.66552326	138.66552326	138.66552326	138.66552326	138.66552326
74	20005	5	6	7	4	3	1	255.87252482	510.60783842	510.60783842	510.60783842	510.60783842	510.60783842	510.60783842	312.73308589	0	170.58168321	398.0239275	142.15140268	142.15140268	142.15140268	142.15140268	142.15140268
75	20005	5	6	7	4	3	1	262.2162498	523.26709405	523.26709405	523.26709405	523.26709405	523.26709405	523.26709405	320.48652754	0	174.8108332	407.89194414	145.67569433	145.67569433	145.67569433	145.67569433	145.67569433
76	20005	5	6	7	4	3	1	268.62892891	536.06395146	536.06395146	536.06395146	536.06395146	536.06395146	536.06395146	328.32424644	0	179.0859526	417.86722274	149.23829384	149.23829384	149.23829384	149.23829384	149.23829384
77	20005	5	6	7	4	3	1	275.11037726	548.99804173	548.99804173	548.99804173	548.99804173	548.99804173	548.99804173	336.24601665	0	183.40691817	427.94947574	152.83909848	152.83909848	152.83909848	152.83909848	152.83909848
78	20005	5	6	7	4	3	1	281.66041293	562.0690018	562.0690018	562.0690018	562.0690018	562.0690018	562.0690018	344.2516158	0	187.77360862	438.13842011	156.47800718	156.47800718	156.47800718	156.47800718	156.47800718
79	20005	5	6	7	4	3	1	288.27885682	575.27647427	575.27647427	575.27647427	575.27647427	575.27647427	575.27647427	352.340825	0	192.18590455	448.43377727	160.15492045	160.15492045	160.15492045	160.15492045	160.15492045
80	20005	5	6	7	5	3	1	294.96553261	588.62010731	588.62010731	588.62010731	588.62010731	588.62010731	588.62010731	360.51342875	0	196.64368841	458.83527296	163.86974034	163.86974034	163.86974034	163.86974034	163.86974034
81	20005	5	6	7	5	3	1	301.72026669	602.09955442	602.09955442	602.09955442	602.09955442	602.09955442	602.09955442	368.76921485	0	201.14684446	469.34263708	167.62237038	167.62237038	167.62237038	167.62237038	167.62237038
82	20005	5	6	7	5	3	1	308.54288804	615.71447436	615.71447436	615.71447436	615.71447436	615.71447436	615.71447436	377.10797427	0	205.69525869	479.95560362	171.41271558	171.41271558	171.41271558	171.41271558	171.41271558
83	20005	5	6	7	5	3	1	315.4332282	629.46453095	629.46453095	629.46453095	629.46453095	629.46453095	629.46453095	385.52950114	0	210.2888188	490.67391054	175.24068233	175.24068233	175.24068233	175.24068233	175.24068233
84	20005	5	6	7	5	3	1	322.39112119	643.34939295	643.34939295	643.34939295	643.34939295	643.34939295	643.34939295	394.03359256	0	214.92741413	501.49729963	179.10617844	179.10617844	179.10617844	179.10617844	179.10617844
85	20005	5	6	7	5	3	1	329.41640343	657.36873395	657.36873395	657.36873395	657.36873395	657.36873395	657.36873395	402.62004863	0	219.61093562	512.42551644	183.00911301	183.00911301	183.00911301	183.00911301	183.00911301
86	20005	5	6	7	5	3	1	336.50891369	671.52223221	671.52223221	671.52223221	671.52223221	671.52223221	671.52223221	411.28867229	0	224.3392758	523.45831019	186.9493965	186.9493965	186.9493965	186.9493965	186.9493965
87	20005	5	6	7	5	3	1	343.66849305	685.80957057	685.80957057	685.80957057	685.80957057	685.80957057	685.80957057	420.03926928	0	229.1123287	534.59543363	190.92694058	190.92694058	190.92694058	190.92694058	190.92694058
88	20005	5	6	7	5	3	1	350.89498479	700.23043631	700.23043631	700.23043631	700.23043631	700.23043631	700.23043631	428.87164807	0	233.92998986	545.836643	194.94165821	194.94165821	194.94165821	194.94165821	194.94165821
89	20005	5	6	7	5	3	1	358.18823437	714.78452103	714.78452103	714.78452103	714.78452103	714.78452103	714.78452103	437.78561978	0	238.79215624	557.1816979	198.99346354	198.99346354	198.99346354	198.99346354	198.99346354
90	20005	5	6	7	5	3	1	365.54808937	729.47152056	729.47152056	729.47152056	729.47152056	729.47152056	729.47152056	446.78099812	0	243.69872625	568.63036124	203.08227187	203.08227187	203.08227187	203.08227187	203.08227187
91	20005	5	6	7	5	3	1	372.97439944	744.29113488	744.29113488	744.29113488	744.29113488	744.29113488	744.29113488	455.85759931	0	248.64959963	580.18239913	207.20799969	207.20799969	207.20799969	207.20799969	207.20799969
92	20005	5	6	7	5	3	1	380.46701623	759.24306794	759.24306794	759.24306794	759.24306794	759.24306794	759.24306794	465.01524206	0	253.64467749	591.8375808	211.37056457	211.37056457	211.37056457	211.37056457	211.37056457
93	20005	5	6	7	5	3	1	388.02579337	774.32702766	774.32702766	774.32702766	774.32702766	774.32702766	774.32702766	474.25374745	0	258.68386225	603.59567857	215.5698852	215.5698852	215.5698852	215.5698852	215.5698852
94	20005	5	6	7	5	3	1	395.65058639	789.54272574	789.54272574	789.54272574	789.54272574	789.54272574	789.54272574	483.57293893	0	263.7670576	615.45646772	219.80588133	219.80588133	219.80588133	219.80588133	219.80588133
95	20005	5	6	7	5	3	1	403.34125272	804.88987764	804.88987764	804.88987764	804.88987764	804.88987764	804.88987764	492.97264221	0	268.89416848	627.41972645	224.07847373	224.07847373	224.07847373	224.07847373	224.07847373
96	20005	5	6	7	5	3	1	411.09765158	820.36820249	820.36820249	820.36820249	820.36820249	820.36820249	820.36820249	502.45268526	0	274.06510105	639.48523579	228.38758421	228.38758421	228.38758421	228.38758421	228.38758421
97	20005	5	6	7	5	3	1	418.91964401	835.97742293	835.97742293	835.97742293	835.97742293	835.97742293	835.97742293	512.01289823	0	279.27976267	651.65277957	232.73313556	232.73313556	232.73313556	232.73313556	232.73313556
98	20005	5	6	7	5	3	1	426.80709277	851.71726514	851.71726514	851.71726514	851.71726514	851.71726514	851.71726514	521.65311339	0	284.53806185	663.92214432	237.11505154	237.11505154	237.11505154	237.11505154	237.11505154
99	20005	5	6	7	5	3	1	434.75986235	867.58745865	867.58745865	867.58745865	867.58745865	867.58745865	867.58745865	531.3731651	0	289.83990823	676.29311921	241.53325686	241.53325686	241.53325686	241.53325686	241.53325686
100	20005	5	6	7	6	4	1	442.77781888	883.58773635	883.58773635	883.58773635	883.58773635	883.58773635	883.58773635	541.17288975	0	295.18521259	688.76549604	245.98767716	245.98767716	245.98767716	245.98767716	245.98767716
101	20006	6	6	7	6	4	1	450.86083014	899.71783437	899.71783437	899.71783437	899.71783437	899.71783437	899.71783437	551.05212573	0	300.57388676	701.3390691	250.47823897	250.47823897	250.47823897	250.47823897	250.47823897
102	20006	6	6	7	6	4	1	459.00876548	915.97749201	915.97749201	915.97749201	915.97749201	915.97749201	915.97749201	561.01071337	0	306.00584366	714.0136352	255.00486971	255.00486971	255.00486971	255.00486971	255.00486971
103	20006	6	6	7	6	4	1	467.22149584	932.3664517	932.3664517	932.3664517	932.3664517	932.3664517	932.3664517	571.04849492	0	311.48099723	726.78899353	259.56749769	259.56749769	259.56749769	259.56749769	259.56749769
104	20006	6	6	7	6	4	1	475.49889366	948.8844589	948.8844589	948.8844589	948.8844589	948.8844589	948.8844589	581.16531447	0	316.99926244	739.66494569	264.16605203	264.16605203	264.16605203	264.16605203	264.16605203
105	20006	6	6	7	6	4	1	483.84083287	965.53126205	965.53126205	965.53126205	965.53126205	965.53126205	965.53126205	591.36101796	0	322.56055525	752.64129558	268.80046271	268.80046271	268.80046271	268.80046271	268.80046271
106	20006	6	6	7	6	4	1	492.24718889	982.30661249	982.30661249	982.30661249	982.30661249	982.30661249	982.30661249	601.63545309	0	328.16479259	765.71784938	273.47066049	273.47066049	273.47066049	273.47066049	273.47066049
107	20006	6	6	7	6	4	1	500.71783853	999.21026444	999.21026444	999.21026444	999.21026444	999.21026444	999.21026444	611.98846931	0	333.81189235	778.89441549	278.17657696	278.17657696	278.17657696	278.17657696	278.17657696
108	20006	6	6	7	6	4	1	509.25266003	1016.2419749	1016.2419749	1016.2419749	1016.2419749	1016.2419749	1016.2419749	622.41991781	0	339.50177335	792.17080448	282.91814446	282.91814446	282.91814446	282.91814446	282.91814446
109	20006	6	6	7	6	4	1	517.85153298	1033.4015036	1033.4015036	1033.4015036	1033.4015036	1033.4015036	1033.4015036	632.92965142	0	345.23435532	805.54682908	287.6952961	287.6952961	287.6952961	287.6952961	287.6952961
110	20006	6	6	7	6	4	1	526.51433833	1050.6886129	1050.6886129	1050.6886129	1050.6886129	1050.6886129	1050.6886129	643.51752462	0	351.00955888	819.02230406	292.50796574	292.50796574	292.50796574	292.50796574	292.50796574
111	20006	6	6	7	6	4	1	535.24095833	1068.103068	1068.103068	1068.103068	1068.103068	1068.103068	1068.103068	654.18339352	0	356.82730555	832.59704629	297.35608796	297.35608796	297.35608796	297.35608796	297.35608796
112	20006	6	6	7	6	4	1	544.03127654	1085.6446363	1085.6446363	1085.6446363	1085.6446363	1085.6446363	1085.6446363	664.92711577	0	362.68751769	846.27087462	302.23959808	302.23959808	302.23959808	302.23959808	302.23959808
113	20006	6	6	7	6	4	1	552.88517776	1103.3130881	1103.3130881	1103.3130881	1103.3130881	1103.3130881	1103.3130881	675.7485506	0	368.59011851	860.04360985	307.15843209	307.15843209	307.15843209	307.15843209	307.15843209
114	20006	6	6	7	6	4	1	561.80254804	1121.1081959	1121.1081959	1121.1081959	1121.1081959	1121.1081959	1121.1081959	686.64755872	0	374.53503203	873.91507474	312.11252669	312.11252669	312.11252669	312.11252669	312.11252669
115	20006	6	6	7	6	4	1	570.78327466	1139.0297348	1139.0297348	1139.0297348	1139.0297348	1139.0297348	1139.0297348	697.62400236	0	380.5221831	887.88509391	317.10181925	317.10181925	317.10181925	317.10181925	317.10181925
116	20006	6	6	7	6	4	1	579.82724605	1157.0774821	1157.0774821	1157.0774821	1157.0774821	1157.0774821	1157.0774821	708.67774517	0	386.55149737	901.95349385	322.1262478	322.1262478	322.1262478	322.1262478	322.1262478
117	20006	6	6	7	6	4	1	588.93435185	1175.2512177	1175.2512177	1175.2512177	1175.2512177	1175.2512177	1175.2512177	719.80865226	0	392.62290123	916.12010287	327.18575103	327.18575103	327.18575103	327.18575103	327.18575103
118	20006	6	6	7	6	4	1	598.10448282	1193.5507235	1193.5507235	1193.5507235	1193.5507235	1193.5507235	1193.5507235	731.01659011	0	398.73632188	930.38475105	332.28026823	332.28026823	332.28026823	332.28026823	332.28026823
119	20006	6	6	7	6	4	1	607.33753085	1211.9757838	1211.9757838	1211.9757838	1211.9757838	1211.9757838	1211.9757838	742.3014266	0	404.89168723	944.74727021	337.40973936	337.40973936	337.40973936	337.40973936	337.40973936
120	20006	6	6	7	7	4	1	616.63338895	1230.5261851	1230.5261851	1230.5261851	1230.5261851	1230.5261851	1230.5261851	753.66303094	0	411.08892597	959.20749392	342.57410497	342.57410497	342.57410497	342.57410497	342.57410497
121	20006	6	6	7	7	4	1	625.99195119	1249.2017159	1249.2017159	1249.2017159	1249.2017159	1249.2017159	1249.2017159	765.10127367	0	417.32796746	973.7652574	347.77330621	347.77330621	347.77330621	347.77330621	347.77330621
122	20006	6	6	7	7	4	1	635.41311271	1268.0021671	1268.0021671	1268.0021671	1268.0021671	1268.0021671	1268.0021671	776.61602664	0	423.6087418	988.42039754	353.00728484	353.00728484	353.00728484	353.00728484	353.00728484
123	20006	6	6	7	7	4	1	644.89676969	1286.9273315	1286.9273315	1286.9273315	1286.9273315	1286.9273315	1286.9273315	788.20716296	0	429.9311798	1003.1727529	358.27598316	358.27598316	358.27598316	358.27598316	358.27598316
124	20006	6	6	7	7	4	1	654.44281936	1305.977004	1305.977004	1305.977004	1305.977004	1305.977004	1305.977004	799.87455699	0	436.2952129	1018.0221634	363.57934409	363.57934409	363.57934409	363.57934409	363.57934409
125	20006	6	6	7	7	4	1	664.05115991	1325.1509813	1325.1509813	1325.1509813	1325.1509813	1325.1509813	1325.1509813	811.61808434	0	442.70077327	1032.968471	368.91731106	368.91731106	368.91731106	368.91731106	368.91731106
126	20006	6	6	7	7	4	1	673.72169056	1344.4490625	1344.4490625	1344.4490625	1344.4490625	1344.4490625	1344.4490625	823.4376218	0	449.14779371	1048.0115187	374.28982809	374.28982809	374.28982809	374.28982809	374.28982809
127	20006	6	6	7	7	4	1	683.45431149	1363.8710483	1363.8710483	1363.8710483	1363.8710483	1363.8710483	1363.8710483	835.33304737	0	455.63620766	1063.1511512	379.69683971	379.69683971	379.69683971	379.69683971	379.69683971
128	20006	6	6	7	7	4	1	693.24892381	1383.4167413	1383.4167413	1383.4167413	1383.4167413	1383.4167413	1383.4167413	847.30424021	0	462.1659492	1078.3872148	385.138291	385.138291	385.138291	385.138291	385.138291
129	20006	6	6	7	7	4	1	703.10542959	1403.0859462	1403.0859462	1403.0859462	1403.0859462	1403.0859462	1403.0859462	859.35108061	0	468.73695306	1093.7195571	390.61412755	390.61412755	390.61412755	390.61412755	390.61412755
130	20006	6	6	7	7	4	1	713.02373183	1422.8784693	1422.8784693	1422.8784693	1422.8784693	1422.8784693	1422.8784693	871.47345001	0	475.34915455	1109.1480273	396.12429546	396.12429546	396.12429546	396.12429546	396.12429546
131	20006	6	6	7	7	4	1	723.00373441	1442.7941189	1442.7941189	1442.7941189	1442.7941189	1442.7941189	1442.7941189	883.67123094	0	482.0024896	1124.6724757	401.66874134	401.66874134	401.66874134	401.66874134	401.66874134
132	20006	6	6	7	7	4	1	733.04534211	1462.8327049	1462.8327049	1462.8327049	1462.8327049	1462.8327049	1462.8327049	895.94430702	0	488.69689474	1140.2927544	407.24741228	407.24741228	407.24741228	407.24741228	407.24741228
133	20006	6	6	7	7	4	1	743.1484606	1482.9940391	1482.9940391	1482.9940391	1482.9940391	1482.9940391	1482.9940391	908.29256295	0	495.43230706	1156.0087165	412.86025589	412.86025589	412.86025589	412.86025589	412.86025589
134	20006	6	6	7	7	4	1	753.31299638	1503.277935	1503.277935	1503.277935	1503.277935	1503.277935	1503.277935	920.71588446	0	502.20866425	1171.8202166	418.50722021	418.50722021	418.50722021	418.50722021	418.50722021
135	20006	6	6	7	7	4	1	763.53885683	1523.6842076	1523.6842076	1523.6842076	1523.6842076	1523.6842076	1523.6842076	933.21415834	0	509.02590455	1187.7271106	424.18825379	424.18825379	424.18825379	424.18825379	424.18825379
136	20006	6	6	7	7	4	1	773.82595013	1544.2126738	1544.2126738	1544.2126738	1544.2126738	1544.2126738	1544.2126738	945.78727238	0	515.88396675	1203.7292558	429.90330563	429.90330563	429.90330563	429.90330563	429.90330563
137	20006	6	6	7	7	4	1	784.1741853	1564.863152	1564.863152	1564.863152	1564.863152	1564.863152	1564.863152	958.43511537	0	522.7827902	1219.8265105	435.65232517	435.65232517	435.65232517	435.65232517	435.65232517
138	20006	6	6	7	7	4	1	794.58347217	1585.6354622	1585.6354622	1585.6354622	1585.6354622	1585.6354622	1585.6354622	971.15757709	0	529.72231478	1236.0187345	441.43526231	441.43526231	441.43526231	441.43526231	441.43526231
139	20006	6	6	7	7	4	1	805.05372133	1606.5294261	1606.5294261	1606.5294261	1606.5294261	1606.5294261	1606.5294261	983.95454829	0	536.70248089	1252.3057887	447.25206741	447.25206741	447.25206741	447.25206741	447.25206741
140	20006	6	6	7	8	5	1	815.58484418	1627.5448668	1627.5448668	1627.5448668	1627.5448668	1627.5448668	1627.5448668	996.82592067	0	543.72322946	1268.6875354	453.10269121	453.10269121	453.10269121	453.10269121	453.10269121
141	20006	6	6	7	8	5	1	826.17675289	1648.6816091	1648.6816091	1648.6816091	1648.6816091	1648.6816091	1648.6816091	1009.7715869	0	550.78450193	1285.1638378	458.98708494	458.98708494	458.98708494	458.98708494	458.98708494
142	20006	6	6	7	8	5	1	836.82936035	1669.9394791	1669.9394791	1669.9394791	1669.9394791	1669.9394791	1669.9394791	1022.7914404	0	557.88624024	1301.7345606	464.9052002	464.9052002	464.9052002	464.9052002	464.9052002
143	20006	6	6	7	8	5	1	847.54258024	1691.3183046	1691.3183046	1691.3183046	1691.3183046	1691.3183046	1691.3183046	1035.8853758	0	565.02838683	1318.3995693	470.85698902	470.85698902	470.85698902	470.85698902	470.85698902
144	20006	6	6	7	8	5	1	858.31632693	1712.8179146	1712.8179146	1712.8179146	1712.8179146	1712.8179146	1712.8179146	1049.0532885	0	572.21088462	1335.1587308	476.84240385	476.84240385	476.84240385	476.84240385	476.84240385
145	20006	6	6	7	8	5	1	869.15051554	1734.4381399	1734.4381399	1734.4381399	1734.4381399	1734.4381399	1734.4381399	1062.2950745	0	579.43367702	1352.0119131	482.86139752	482.86139752	482.86139752	482.86139752	482.86139752
146	20006	6	6	7	8	5	1	880.04506187	1756.1788124	1756.1788124	1756.1788124	1756.1788124	1756.1788124	1756.1788124	1075.6106312	0	586.69670792	1368.9589851	488.91392326	488.91392326	488.91392326	488.91392326	488.91392326
147	20006	6	6	7	8	5	1	890.99988246	1778.0397654	1778.0397654	1778.0397654	1778.0397654	1778.0397654	1778.0397654	1088.9998563	0	593.99992164	1385.9998172	494.9999347	494.9999347	494.9999347	494.9999347	494.9999347
148	20006	6	6	7	8	5	1	902.0148945	1800.0208339	1800.0208339	1800.0208339	1800.0208339	1800.0208339	1800.0208339	1102.4626488	0	601.343263	1403.1342803	501.11938584	501.11938584	501.11938584	501.11938584	501.11938584
149	20006	6	6	7	8	5	1	913.09001588	1822.1218539	1822.1218539	1822.1218539	1822.1218539	1822.1218539	1822.1218539	1115.9989083	0	608.72667726	1420.3622469	507.27223105	507.27223105	507.27223105	507.27223105	507.27223105
150	20006	6	6	7	8	5	1	924.22516515	1844.3426629	1844.3426629	1844.3426629	1844.3426629	1844.3426629	1844.3426629	1129.6085352	0	616.1501101	1437.6835902	513.45842508	513.45842508	513.45842508	513.45842508	513.45842508
151	20006	6	6	7	8	5	1	935.42026151	1866.6830996	1866.6830996	1866.6830996	1866.6830996	1866.6830996	1866.6830996	1143.2914307	0	623.61350767	1455.0981846	519.67792306	519.67792306	519.67792306	519.67792306	519.67792306
152	20006	6	6	7	8	5	1	946.67522482	1889.1430042	1889.1430042	1889.1430042	1889.1430042	1889.1430042	1889.1430042	1157.047497	0	631.11681654	1472.6059053	525.93068045	525.93068045	525.93068045	525.93068045	525.93068045
153	20006	6	6	7	8	5	1	957.98997557	1911.7222179	1911.7222179	1911.7222179	1911.7222179	1911.7222179	1911.7222179	1170.8766368	0	638.65998371	1490.2066287	532.2166531	532.2166531	532.2166531	532.2166531	532.2166531
154	20006	6	6	7	8	5	1	969.36443489	1934.4205834	1934.4205834	1934.4205834	1934.4205834	1934.4205834	1934.4205834	1184.7787538	0	646.2429566	1507.9002321	538.53579716	538.53579716	538.53579716	538.53579716	538.53579716
155	20006	6	6	7	8	5	1	980.79852453	1957.2379445	1957.2379445	1957.2379445	1957.2379445	1957.2379445	1957.2379445	1198.7537522	0	653.86568302	1525.6865937	544.88806918	544.88806918	544.88806918	544.88806918	544.88806918
156	20006	6	6	7	8	5	1	992.29216683	1980.1741462	1980.1741462	1980.1741462	1980.1741462	1980.1741462	1980.1741462	1212.8015372	0	661.52811122	1543.5655928	551.27342602	551.27342602	551.27342602	551.27342602	551.27342602
157	20006	6	6	7	8	5	1	1003.8452848	2003.2290349	2003.2290349	2003.2290349	2003.2290349	2003.2290349	2003.2290349	1226.9220147	0	669.23018984	1561.5371096	557.69182486	557.69182486	557.69182486	557.69182486	557.69182486
158	20006	6	6	7	8	5	1	1015.4578019	2026.4024579	2026.4024579	2026.4024579	2026.4024579	2026.4024579	2026.4024579	1241.1150912	0	676.97186791	1579.6010251	564.14322326	564.14322326	564.14322326	564.14322326	564.14322326
159	20006	6	6	7	8	5	1	1027.1296423	2049.6942639	2049.6942639	2049.6942639	2049.6942639	2049.6942639	2049.6942639	1255.3806739	0	684.75309486	1597.7572213	570.62757905	570.62757905	570.62757905	570.62757905	570.62757905
160	20006	6	6	7	9	5	1	1038.8607307	2073.1043027	2073.1043027	2073.1043027	2073.1043027	2073.1043027	2073.1043027	1269.7186709	0	692.57382049	1616.0055811	577.14485041	577.14485041	577.14485041	577.14485041	577.14485041
161	20006	6	6	7	9	5	1	1050.6509925	2096.632425	2096.632425	2096.632425	2096.632425	2096.632425	2096.632425	1284.1289908	0	700.43399501	1634.3459883	583.69499584	583.69499584	583.69499584	583.69499584	583.69499584
162	20006	6	6	7	9	5	1	1062.5003534	2120.2784831	2120.2784831	2120.2784831	2120.2784831	2120.2784831	2120.2784831	1298.6115431	0	708.33356896	1652.7783276	590.27797414	590.27797414	590.27797414	590.27797414	590.27797414
163	20006	6	6	7	9	5	1	1074.4087399	2144.0423299	2144.0423299	2144.0423299	2144.0423299	2144.0423299	2144.0423299	1313.1662377	0	716.2724933	1671.3024844	596.89374441	596.89374441	596.89374441	596.89374441	596.89374441
164	20006	6	6	7	9	5	1	1086.376079	2167.9238198	2167.9238198	2167.9238198	2167.9238198	2167.9238198	2167.9238198	1327.7929854	0	724.25071931	1689.918345	603.54226609	603.54226609	603.54226609	603.54226609	603.54226609
165	20006	6	6	7	9	5	1	1098.402298	2191.922808	2191.922808	2191.922808	2191.922808	2191.922808	2191.922808	1342.4916975	0	732.26819865	1708.6257969	610.22349888	610.22349888	610.22349888	610.22349888	610.22349888
166	20006	6	6	7	9	5	1	1110.487325	2216.0391508	2216.0391508	2216.0391508	2216.0391508	2216.0391508	2216.0391508	1357.2622861	0	740.32488334	1727.4247278	616.93740278	616.93740278	616.93740278	616.93740278	616.93740278
167	20006	6	6	7	9	5	1	1122.6310886	2240.2727057	2240.2727057	2240.2727057	2240.2727057	2240.2727057	2240.2727057	1372.1046639	0	748.42072574	1746.3150267	623.68393812	623.68393812	623.68393812	623.68393812	623.68393812
168	20006	6	6	7	9	5	1	1134.8335178	2264.6233311	2264.6233311	2264.6233311	2264.6233311	2264.6233311	2264.6233311	1387.018744	0	756.55567855	1765.2965833	630.46306546	630.46306546	630.46306546	630.46306546	630.46306546
169	20006	6	6	7	9	5	1	1147.0945422	2289.0908865	2289.0908865	2289.0908865	2289.0908865	2289.0908865	2289.0908865	1402.0044405	0	764.72969483	1784.3692879	637.27474569	637.27474569	637.27474569	637.27474569	637.27474569
170	20006	6	6	7	9	5	1	1159.4140919	2313.6752324	2313.6752324	2313.6752324	2313.6752324	2313.6752324	2313.6752324	1417.0616679	0	772.94272796	1803.5330319	644.11893997	644.11893997	644.11893997	644.11893997	644.11893997
171	20006	6	6	7	9	5	1	1171.7920975	2338.3762301	2338.3762301	2338.3762301	2338.3762301	2338.3762301	2338.3762301	1432.1903414	0	781.19473165	1822.7877072	650.99560971	650.99560971	650.99560971	650.99560971	650.99560971
172	20006	6	6	7	9	5	1	1184.2284899	2363.1937421	2363.1937421	2363.1937421	2363.1937421	2363.1937421	2363.1937421	1447.3903766	0	789.48565995	1842.1332066	657.90471663	657.90471663	657.90471663	657.90471663	657.90471663
173	20006	6	6	7	9	5	1	1196.7232008	2388.1276319	2388.1276319	2388.1276319	2388.1276319	2388.1276319	2388.1276319	1462.6616899	0	797.81546723	1861.5694235	664.84622269	664.84622269	664.84622269	664.84622269	664.84622269
174	20006	6	6	7	9	5	1	1209.2761623	2413.1777638	2413.1777638	2413.1777638	2413.1777638	2413.1777638	2413.1777638	1478.0041983	0	806.18410817	1881.0962524	671.82009014	671.82009014	671.82009014	671.82009014	671.82009014
175	20006	6	6	7	9	5	1	1221.8873067	2438.3440031	2438.3440031	2438.3440031	2438.3440031	2438.3440031	2438.3440031	1493.4178192	0	814.59153777	1900.7135881	678.82628147	678.82628147	678.82628147	678.82628147	678.82628147
176	20006	6	6	7	9	5	1	1234.556567	2463.626216	2463.626216	2463.626216	2463.626216	2463.626216	2463.626216	1508.9024708	0	823.03771135	1920.4213265	685.86475946	685.86475946	685.86475946	685.86475946	685.86475946
177	20006	6	6	7	9	5	1	1247.2838768	2489.0242697	2489.0242697	2489.0242697	2489.0242697	2489.0242697	2489.0242697	1524.4580716	0	831.52258452	1940.2193639	692.9354871	692.9354871	692.9354871	692.9354871	692.9354871
178	20006	6	6	7	9	5	1	1260.0691698	2514.5380322	2514.5380322	2514.5380322	2514.5380322	2514.5380322	2514.5380322	1540.0845409	0	840.04611321	1960.1075975	700.03842767	700.03842767	700.03842767	700.03842767	700.03842767
179	20006	6	6	7	9	5	1	1272.9123804	2540.1673725	2540.1673725	2540.1673725	2540.1673725	2540.1673725	2540.1673725	1555.7817983	0	848.60825363	1980.0859251	707.17354469	707.17354469	707.17354469	707.17354469	707.17354469
180	20006	6	6	7	10	6	1	1285.8134435	2565.9121605	2565.9121605	2565.9121605	2565.9121605	2565.9121605	2565.9121605	1571.5497642	0	857.20896232	2000.1542454	714.34080193	714.34080193	714.34080193	714.34080193	714.34080193
181	20006	6	6	7	10	6	1	1298.7722941	2591.7722669	2591.7722669	2591.7722669	2591.7722669	2591.7722669	2591.7722669	1587.3883595	0	865.84819607	2020.3124575	721.54016339	721.54016339	721.54016339	721.54016339	721.54016339
182	20006	6	6	7	10	6	1	1311.788868	2617.7475632	2617.7475632	2617.7475632	2617.7475632	2617.7475632	2617.7475632	1603.2975053	0	874.52591199	2040.5604613	728.77159332	728.77159332	728.77159332	728.77159332	728.77159332
183	20006	6	6	7	10	6	1	1324.8631012	2643.8379219	2643.8379219	2643.8379219	2643.8379219	2643.8379219	2643.8379219	1619.2771237	0	883.24206745	2060.8981574	736.03505621	736.03505621	736.03505621	736.03505621	736.03505621
184	20006	6	6	7	10	6	1	1337.9949302	2670.0432163	2670.0432163	2670.0432163	2670.0432163	2670.0432163	2670.0432163	1635.3271369	0	891.99662013	2081.325447	743.33051678	743.33051678	743.33051678	743.33051678	743.33051678
185	20006	6	6	7	10	6	1	1351.184292	2696.3633204	2696.3633204	2696.3633204	2696.3633204	2696.3633204	2696.3633204	1651.447468	0	900.78952797	2101.8422319	750.65793998	750.65793998	750.65793998	750.65793998	750.65793998
186	20006	6	6	7	10	6	1	1364.4311238	2722.7981092	2722.7981092	2722.7981092	2722.7981092	2722.7981092	2722.7981092	1667.6380402	0	909.62074919	2122.4484148	758.01729099	758.01729099	758.01729099	758.01729099	758.01729099
187	20006	6	6	7	10	6	1	1377.7353634	2749.3474585	2749.3474585	2749.3474585	2749.3474585	2749.3474585	2749.3474585	1683.8987775	0	918.49024228	2143.1438986	765.40853523	765.40853523	765.40853523	765.40853523	765.40853523
188	20006	6	6	7	10	6	1	1391.096949	2776.0112448	2776.0112448	2776.0112448	2776.0112448	2776.0112448	2776.0112448	1700.2296043	0	927.39796598	2163.9285873	772.83163832	772.83163832	772.83163832	772.83163832	772.83163832
189	20006	6	6	7	10	6	1	1404.515819	2802.7893455	2802.7893455	2802.7893455	2802.7893455	2802.7893455	2802.7893455	1716.6304455	0	936.34387934	2184.8023851	780.28656612	780.28656612	780.28656612	780.28656612	780.28656612
190	20006	6	6	7	10	6	1	1417.9919125	2829.6816386	2829.6816386	2829.6816386	2829.6816386	2829.6816386	2829.6816386	1733.1012263	0	945.32794164	2205.7651971	787.7732847	787.7732847	787.7732847	787.7732847	787.7732847
191	20006	6	6	7	10	6	1	1431.5251686	2856.6880031	2856.6880031	2856.6880031	2856.6880031	2856.6880031	2856.6880031	1749.6418727	0	954.35011241	2226.816929	795.29176034	795.29176034	795.29176034	795.29176034	795.29176034
192	20006	6	6	7	10	6	1	1445.1155272	2883.8083187	2883.8083187	2883.8083187	2883.8083187	2883.8083187	2883.8083187	1766.252311	0	963.41035146	2247.9574867	802.84195955	802.84195955	802.84195955	802.84195955	802.84195955
193	20006	6	6	7	10	6	1	1458.7629283	2911.0424657	2911.0424657	2911.0424657	2911.0424657	2911.0424657	2911.0424657	1782.9324679	0	972.50861885	2269.1867773	810.42384904	810.42384904	810.42384904	810.42384904	810.42384904
194	20006	6	6	7	10	6	1	1472.4673123	2938.3903255	2938.3903255	2938.3903255	2938.3903255	2938.3903255	2938.3903255	1799.6822706	0	981.64487487	2290.504708	818.03739573	818.03739573	818.03739573	818.03739573	818.03739573
195	20006	6	6	7	10	6	1	1486.2286201	2965.8517797	2965.8517797	2965.8517797	2965.8517797	2965.8517797	2965.8517797	1816.5016468	0	990.81908009	2311.9111869	825.68256674	825.68256674	825.68256674	825.68256674	825.68256674
196	20006	6	6	7	10	6	1	1500.0467929	2993.4267112	2993.4267112	2993.4267112	2993.4267112	2993.4267112	2993.4267112	1833.3905247	0	1000.0311953	2333.4061223	833.35932941	833.35932941	833.35932941	833.35932941	833.35932941
197	20006	6	6	7	10	6	1	1513.9217723	3021.1150033	3021.1150033	3021.1150033	3021.1150033	3021.1150033	3021.1150033	1850.3488328	0	1009.2811815	2354.9894235	841.06765126	841.06765126	841.06765126	841.06765126	841.06765126
198	20006	6	6	7	10	6	1	1527.8535001	3048.9165401	3048.9165401	3048.9165401	3048.9165401	3048.9165401	3048.9165401	1867.3765001	0	1018.569	2376.6610001	848.80750004	848.80750004	848.80750004	848.80750004	848.80750004
199	20006	6	6	7	10	6	1	1541.8419186	3076.8312064	3076.8312064	3076.8312064	3076.8312064	3076.8312064	3076.8312064	1884.473456	0	1027.8946124	2398.4207622	856.57884365	856.57884365	856.57884365	856.57884365	856.57884365
200	20006	6	6	7	10	6	2	1555.8869704	3104.8588876	3104.8588876	3104.8588876	3104.8588876	3104.8588876	3104.8588876	1901.6396305	0	1037.2579803	2420.2686207	864.38165024	864.38165024	864.38165024	864.38165024	864.38165024
201	20006	6	6	7	10	6	2	1569.9885986	3132.9994701	3132.9994701	3132.9994701	3132.9994701	3132.9994701	3132.9994701	1918.8749538	0	1046.6590657	2442.2044867	872.2158881	872.2158881	872.2158881	872.2158881	872.2158881
202	20006	6	6	7	10	6	2	1584.1467464	3161.2528405	3161.2528405	3161.2528405	3161.2528405	3161.2528405	3161.2528405	1936.1793567	0	1056.0978309	2464.2282721	880.08152575	880.08152575	880.08152575	880.08152575	880.08152575
203	20006	6	6	7	10	6	2	1598.3613574	3189.6188865	3189.6188865	3189.6188865	3189.6188865	3189.6188865	3189.6188865	1953.5527702	0	1065.5742383	2486.3398893	887.97853189	887.97853189	887.97853189	887.97853189	887.97853189
204	20006	6	6	7	10	6	2	1612.6323757	3218.0974964	3218.0974964	3218.0974964	3218.0974964	3218.0974964	3218.0974964	1970.9951258	0	1075.0882505	2508.5392511	895.90687539	895.90687539	895.90687539	895.90687539	895.90687539
205	20006	6	6	7	10	6	2	1626.9597456	3246.6885589	3246.6885589	3246.6885589	3246.6885589	3246.6885589	3246.6885589	1988.5063557	0	1084.6398304	2530.8262709	903.86652531	903.86652531	903.86652531	903.86652531	903.86652531
206	20006	6	6	7	10	6	2	1641.3434116	3275.3919637	3275.3919637	3275.3919637	3275.3919637	3275.3919637	3275.3919637	2006.086392	0	1094.2289411	2553.2008625	911.85745091	911.85745091	911.85745091	911.85745091	911.85745091
207	20006	6	6	7	10	6	2	1655.7833189	3304.2076008	3304.2076008	3304.2076008	3304.2076008	3304.2076008	3304.2076008	2023.7351675	0	1103.8555459	2575.6629405	919.8796216	919.8796216	919.8796216	919.8796216	919.8796216
208	20006	6	6	7	10	6	2	1670.2794126	3333.1353612	3333.1353612	3333.1353612	3333.1353612	3333.1353612	3333.1353612	2041.4526154	0	1113.5196084	2598.2124196	927.93300701	927.93300701	927.93300701	927.93300701	927.93300701
209	20006	6	6	7	10	6	2	1684.8316384	3362.1751362	3362.1751362	3362.1751362	3362.1751362	3362.1751362	3362.1751362	2059.2386692	0	1123.2210923	2620.8492153	936.0175769	936.0175769	936.0175769	936.0175769	936.0175769
210	20006	6	6	7	10	6	2	1699.4399422	3391.326818	3391.326818	3391.326818	3391.326818	3391.326818	3391.326818	2077.0932627	0	1132.9599615	2643.5732435	944.13330124	944.13330124	944.13330124	944.13330124	944.13330124
211	20006	6	6	7	10	6	2	1714.1042703	3420.5902993	3420.5902993	3420.5902993	3420.5902993	3420.5902993	3420.5902993	2095.0163303	0	1142.7361802	2666.3844204	952.28015015	952.28015015	952.28015015	952.28015015	952.28015015
212	20006	6	6	7	10	6	2	1728.8245691	3449.9654734	3449.9654734	3449.9654734	3449.9654734	3449.9654734	3449.9654734	2113.0078067	0	1152.5497127	2689.282663	960.45809394	960.45809394	960.45809394	960.45809394	960.45809394
213	20006	6	6	7	10	6	2	1743.6007855	3479.4522342	3479.4522342	3479.4522342	3479.4522342	3479.4522342	3479.4522342	2131.0676268	0	1162.4005237	2712.2678886	968.66710308	968.66710308	968.66710308	968.66710308	968.66710308
214	20006	6	6	7	10	6	2	1758.4328667	3509.0504763	3509.0504763	3509.0504763	3509.0504763	3509.0504763	3509.0504763	2149.195726	0	1172.2885778	2735.3400149	976.90714819	976.90714819	976.90714819	976.90714819	976.90714819
215	20006	6	6	7	10	6	2	1773.3207602	3538.7600948	3538.7600948	3538.7600948	3538.7600948	3538.7600948	3538.7600948	2167.3920402	0	1182.2138401	2758.4989603	985.1782001	985.1782001	985.1782001	985.1782001	985.1782001
216	20006	6	6	7	10	6	2	1788.2644136	3568.5809853	3568.5809853	3568.5809853	3568.5809853	3568.5809853	3568.5809853	2185.6565055	0	1192.1762757	2781.7446433	993.48022976	993.48022976	993.48022976	993.48022976	993.48022976
217	20006	6	6	7	10	6	2	1803.2637749	3598.5130442	3598.5130442	3598.5130442	3598.5130442	3598.5130442	3598.5130442	2203.9890583	0	1202.17585	2805.0769833	1001.8132083	1001.8132083	1001.8132083	1001.8132083	1001.8132083
218	20006	6	6	7	10	6	2	1818.3187926	3628.5561684	3628.5561684	3628.5561684	3628.5561684	3628.5561684	3628.5561684	2222.3896354	0	1212.2125284	2828.4958997	1010.177107	1010.177107	1010.177107	1010.177107	1010.177107
219	20006	6	6	7	10	6	2	1833.4294153	3658.7102553	3658.7102553	3658.7102553	3658.7102553	3658.7102553	3658.7102553	2240.8581742	0	1222.2862768	2852.0013126	1018.5718974	1018.5718974	1018.5718974	1018.5718974	1018.5718974
220	20006	6	6	7	10	6	3	1848.5955917	3688.975203	3688.975203	3688.975203	3688.975203	3688.975203	3688.975203	2259.3946121	0	1232.3970611	2875.5931426	1026.9975509	1026.9975509	1026.9975509	1026.9975509	1026.9975509
221	20006	6	6	7	10	6	3	1863.8172711	3719.3509099	3719.3509099	3719.3509099	3719.3509099	3719.3509099	3719.3509099	2277.9988869	0	1242.5448474	2899.2713106	1035.4540395	1035.4540395	1035.4540395	1035.4540395	1035.4540395
222	20006	6	6	7	10	6	3	1879.094403	3749.8372752	3749.8372752	3749.8372752	3749.8372752	3749.8372752	3749.8372752	2296.6709369	0	1252.729602	2923.0357379	1043.941335	1043.941335	1043.941335	1043.941335	1043.941335
223	20006	6	6	7	10	6	3	1894.426937	3780.4341987	3780.4341987	3780.4341987	3780.4341987	3780.4341987	3780.4341987	2315.4107007	0	1262.9512913	2946.8863464	1052.4594094	1052.4594094	1052.4594094	1052.4594094	1052.4594094
224	20006	6	6	7	10	6	3	1909.8148231	3811.1415804	3811.1415804	3811.1415804	3811.1415804	3811.1415804	3811.1415804	2334.2181172	0	1273.2098821	2970.8230582	1061.0082351	1061.0082351	1061.0082351	1061.0082351	1061.0082351
225	20006	6	6	7	10	6	3	1925.2580118	3841.9593212	3841.9593212	3841.9593212	3841.9593212	3841.9593212	3841.9593212	2353.0931255	0	1283.5053412	2994.8457961	1069.5877843	1069.5877843	1069.5877843	1069.5877843	1069.5877843
226	20006	6	6	7	10	6	3	1940.7564533	3872.8873224	3872.8873224	3872.8873224	3872.8873224	3872.8873224	3872.8873224	2372.0356652	0	1293.8376355	3018.9544829	1078.1980296	1078.1980296	1078.1980296	1078.1980296	1078.1980296
227	20006	6	6	7	10	6	3	1956.3100986	3903.9254857	3903.9254857	3903.9254857	3903.9254857	3903.9254857	3903.9254857	2391.0456761	0	1304.2067324	3043.1490423	1086.8389437	1086.8389437	1086.8389437	1086.8389437	1086.8389437
228	20006	6	6	7	10	6	3	1971.9188988	3935.0737136	3935.0737136	3935.0737136	3935.0737136	3935.0737136	3935.0737136	2410.1230985	0	1314.6125992	3067.4293981	1095.5104993	1095.5104993	1095.5104993	1095.5104993	1095.5104993
229	20006	6	6	7	10	6	3	1987.5828051	3966.3319088	3966.3319088	3966.3319088	3966.3319088	3966.3319088	3966.3319088	2429.2678729	0	1325.0552034	3091.7954746	1104.2126695	1104.2126695	1104.2126695	1104.2126695	1104.2126695
230	20006	6	6	7	10	6	3	2003.3017691	3997.6999748	3997.6999748	3997.6999748	3997.6999748	3997.6999748	3997.6999748	2448.47994	0	1335.5345127	3116.2471964	1112.9454273	1112.9454273	1112.9454273	1112.9454273	1112.9454273
231	20006	6	6	7	10	6	3	2019.0757426	4029.1778153	4029.1778153	4029.1778153	4029.1778153	4029.1778153	4029.1778153	2467.759241	0	1346.0504951	3140.7844886	1121.7087459	1121.7087459	1121.7087459	1121.7087459	1121.7087459
232	20006	6	6	7	10	6	3	2034.9046778	4060.7653349	4060.7653349	4060.7653349	4060.7653349	4060.7653349	4060.7653349	2487.1057173	0	1356.6031186	3165.4072766	1130.5025988	1130.5025988	1130.5025988	1130.5025988	1130.5025988
233	20006	6	6	7	10	6	3	2050.788527	4092.4624383	4092.4624383	4092.4624383	4092.4624383	4092.4624383	4092.4624383	2506.5193107	0	1367.1923513	3190.1154864	1139.3269594	1139.3269594	1139.3269594	1139.3269594	1139.3269594
234	20006	6	6	7	10	6	3	2066.7272427	4124.2690309	4124.2690309	4124.2690309	4124.2690309	4124.2690309	4124.2690309	2525.9999632	0	1377.8181618	3214.9090441	1148.1818015	1148.1818015	1148.1818015	1148.1818015	1148.1818015
235	20006	6	6	7	10	6	3	2082.7207777	4156.1850186	4156.1850186	4156.1850186	4156.1850186	4156.1850186	4156.1850186	2545.5476172	0	1388.4805185	3239.7878764	1157.0670987	1157.0670987	1157.0670987	1157.0670987	1157.0670987
236	20006	6	6	7	10	6	3	2098.7690852	4188.2103077	4188.2103077	4188.2103077	4188.2103077	4188.2103077	4188.2103077	2565.1622152	0	1399.1793901	3264.7519103	1165.9828251	1165.9828251	1165.9828251	1165.9828251	1165.9828251
237	20006	6	6	7	10	6	3	2114.8721184	4220.3448051	4220.3448051	4220.3448051	4220.3448051	4220.3448051	4220.3448051	2584.8437002	0	1409.9147456	3289.801073	1174.9289547	1174.9289547	1174.9289547	1174.9289547	1174.9289547
238	20006	6	6	7	10	6	3	2131.0298309	4252.588418	4252.588418	4252.588418	4252.588418	4252.588418	4252.588418	2604.5920155	0	1420.6865539	3314.9352924	1183.9054616	1183.9054616	1183.9054616	1183.9054616	1183.9054616
239	20006	6	6	7	10	6	3	2147.2421764	4284.9410542	4284.9410542	4284.9410542	4284.9410542	4284.9410542	4284.9410542	2624.4071045	0	1431.4947843	3340.1544966	1192.9123202	1192.9123202	1192.9123202	1192.9123202	1192.9123202
240	20006	6	6	7	10	6	4	2163.509109	4317.4026219	4317.4026219	4317.4026219	4317.4026219	4317.4026219	4317.4026219	2644.288911	0	1442.339406	3365.458614	1201.949505	1201.949505	1201.949505	1201.949505	1201.949505
241	20006	6	6	7	10	6	4	2179.8305829	4349.9730299	4349.9730299	4349.9730299	4349.9730299	4349.9730299	4349.9730299	2664.2373791	0	1453.2203886	3390.8475734	1211.0169905	1211.0169905	1211.0169905	1211.0169905	1211.0169905
242	20006	6	6	7	10	6	4	2196.2065526	4382.6521872	4382.6521872	4382.6521872	4382.6521872	4382.6521872	4382.6521872	2684.2524532	0	1464.1377017	3416.321304	1220.1147514	1220.1147514	1220.1147514	1220.1147514	1220.1147514
243	20006	6	6	7	10	6	4	2212.6369728	4415.4400034	4415.4400034	4415.4400034	4415.4400034	4415.4400034	4415.4400034	2704.3340778	0	1475.0913152	3441.8797354	1229.2427626	1229.2427626	1229.2427626	1229.2427626	1229.2427626
244	20006	6	6	7	10	6	4	2229.1217984	4448.3363887	4448.3363887	4448.3363887	4448.3363887	4448.3363887	4448.3363887	2724.482198	0	1486.0811989	3467.5227974	1238.4009991	1238.4009991	1238.4009991	1238.4009991	1238.4009991
245	20006	6	6	7	10	6	4	2245.6609845	4481.3412535	4481.3412535	4481.3412535	4481.3412535	4481.3412535	4481.3412535	2744.6967588	0	1497.107323	3493.2504203	1247.5894358	1247.5894358	1247.5894358	1247.5894358	1247.5894358
246	20006	6	6	7	10	6	4	2262.2544866	4514.4545087	4514.4545087	4514.4545087	4514.4545087	4514.4545087	4514.4545087	2764.9777058	0	1508.1696577	3519.0625347	1256.8080481	1256.8080481	1256.8080481	1256.8080481	1256.8080481
247	20006	6	6	7	10	6	4	2278.9022601	4547.6760658	4547.6760658	4547.6760658	4547.6760658	4547.6760658	4547.6760658	2785.3249846	0	1519.2681734	3544.9590713	1266.0568112	1266.0568112	1266.0568112	1266.0568112	1266.0568112
248	20006	6	6	7	10	6	4	2295.604261	4581.0058365	4581.0058365	4581.0058365	4581.0058365	4581.0058365	4581.0058365	2805.7385413	0	1530.4028407	3570.9399616	1275.3357006	1275.3357006	1275.3357006	1275.3357006	1275.3357006
249	20006	6	6	7	10	6	4	2312.3604453	4614.443733	4614.443733	4614.443733	4614.443733	4614.443733	4614.443733	2826.218322	0	1541.5736302	3597.0051371	1284.6446918	1284.6446918	1284.6446918	1284.6446918	1284.6446918
250	20006	6	6	7	10	6	4	2329.1707691	4647.9896681	4647.9896681	4647.9896681	4647.9896681	4647.9896681	4647.9896681	2846.7642733	0	1552.7805127	3623.1545297	1293.9837606	1293.9837606	1293.9837606	1293.9837606	1293.9837606
251	20006	6	6	7	10	6	4	2346.0351889	4681.6435547	4681.6435547	4681.6435547	4681.6435547	4681.6435547	4681.6435547	2867.376342	0	1564.0234593	3649.3880716	1303.3528827	1303.3528827	1303.3528827	1303.3528827	1303.3528827
252	20006	6	6	7	10	6	4	2362.9536614	4715.4053065	4715.4053065	4715.4053065	4715.4053065	4715.4053065	4715.4053065	2888.054475	0	1575.3024409	3675.7056955	1312.7520341	1312.7520341	1312.7520341	1312.7520341	1312.7520341
253	20006	6	6	7	10	6	4	2379.9261434	4749.2748373	4749.2748373	4749.2748373	4749.2748373	4749.2748373	4749.2748373	2908.7986197	0	1586.6174289	3702.1073342	1322.1811908	1322.1811908	1322.1811908	1322.1811908	1322.1811908
254	20006	6	6	7	10	6	4	2396.952592	4783.2520614	4783.2520614	4783.2520614	4783.2520614	4783.2520614	4783.2520614	2929.6087236	0	1597.9683947	3728.5929209	1331.6403289	1331.6403289	1331.6403289	1331.6403289	1331.6403289
255	20006	6	6	7	10	6	4	2414.0329645	4817.3368936	4817.3368936	4817.3368936	4817.3368936	4817.3368936	4817.3368936	2950.4847344	0	1609.3553097	3755.1623892	1341.1294247	1341.1294247	1341.1294247	1341.1294247	1341.1294247
256	20006	6	6	7	10	6	4	2431.1672183	4851.529249	4851.529249	4851.529249	4851.529249	4851.529249	4851.529249	2971.4266002	0	1620.7781455	3781.8156729	1350.6484546	1350.6484546	1350.6484546	1350.6484546	1350.6484546
257	20006	6	6	7	10	6	4	2448.3553111	4885.8290431	4885.8290431	4885.8290431	4885.8290431	4885.8290431	4885.8290431	2992.4342692	0	1632.2368741	3808.5527062	1360.1973951	1360.1973951	1360.1973951	1360.1973951	1360.1973951
258	20006	6	6	7	10	6	4	2465.5972009	4920.236192	4920.236192	4920.236192	4920.236192	4920.236192	4920.236192	3013.5076899	0	1643.7314672	3835.3734236	1369.7762227	1369.7762227	1369.7762227	1369.7762227	1369.7762227
259	20006	6	6	7	10	6	4	2482.8928455	4954.7506118	4954.7506118	4954.7506118	4954.7506118	4954.7506118	4954.7506118	3034.6468112	0	1655.261897	3862.2777597	1379.3849142	1379.3849142	1379.3849142	1379.3849142	1379.3849142
260	20006	6	6	7	10	6	5	2500.2422034	4989.3722193	4989.3722193	4989.3722193	4989.3722193	4989.3722193	4989.3722193	3055.851582	0	1666.8281356	3889.2656498	1389.0234464	1389.0234464	1389.0234464	1389.0234464	1389.0234464
261	20006	6	6	7	10	6	5	2517.645233	5024.1009317	5024.1009317	5024.1009317	5024.1009317	5024.1009317	5024.1009317	3077.1219515	0	1678.4301553	3916.3370291	1398.6917961	1398.6917961	1398.6917961	1398.6917961	1398.6917961
262	20006	6	6	7	10	6	5	2535.1018929	5058.9366663	5058.9366663	5058.9366663	5058.9366663	5058.9366663	5058.9366663	3098.4578691	0	1690.0679286	3943.4918334	1408.3899405	1408.3899405	1408.3899405	1408.3899405	1408.3899405
263	20006	6	6	7	10	6	5	2552.612142	5093.8793411	5093.8793411	5093.8793411	5093.8793411	5093.8793411	5093.8793411	3119.8592846	0	1701.741428	3970.7299986	1418.1178567	1418.1178567	1418.1178567	1418.1178567	1418.1178567
264	20006	6	6	7	10	6	5	2570.1759393	5128.9288743	5128.9288743	5128.9288743	5128.9288743	5128.9288743	5128.9288743	3141.326148	0	1713.4506262	3998.0514611	1427.8755218	1427.8755218	1427.8755218	1427.8755218	1427.8755218
265	20006	6	6	7	10	6	5	2587.7932439	5164.0851846	5164.0851846	5164.0851846	5164.0851846	5164.0851846	5164.0851846	3162.8584093	0	1725.195496	4025.4561572	1437.6629133	1437.6629133	1437.6629133	1437.6629133	1437.6629133
266	20006	6	6	7	10	6	5	2605.4640154	5199.3481908	5199.3481908	5199.3481908	5199.3481908	5199.3481908	5199.3481908	3184.4560189	0	1736.9760103	4052.944024	1447.4800086	1447.4800086	1447.4800086	1447.4800086	1447.4800086
267	20006	6	6	7	10	6	5	2623.1882133	5234.7178124	5234.7178124	5234.7178124	5234.7178124	5234.7178124	5234.7178124	3206.1189274	0	1748.7921422	4080.5149985	1457.3267852	1457.3267852	1457.3267852	1457.3267852	1457.3267852
268	20006	6	6	7	10	6	5	2640.9657974	5270.1939691	5270.1939691	5270.1939691	5270.1939691	5270.1939691	5270.1939691	3227.8470857	0	1760.643865	4108.1690182	1467.2032208	1467.2032208	1467.2032208	1467.2032208	1467.2032208
269	20006	6	6	7	10	6	5	2658.7967276	5305.7765809	5305.7765809	5305.7765809	5305.7765809	5305.7765809	5305.7765809	3249.6404449	0	1772.5311518	4135.9060208	1477.1092931	1477.1092931	1477.1092931	1477.1092931	1477.1092931
270	20006	6	6	7	10	6	5	2676.6809641	5341.4655683	5341.4655683	5341.4655683	5341.4655683	5341.4655683	5341.4655683	3271.4989561	0	1784.4539761	4163.7259441	1487.0449801	1487.0449801	1487.0449801	1487.0449801	1487.0449801
271	20006	6	6	7	10	6	5	2694.6184671	5377.2608522	5377.2608522	5377.2608522	5377.2608522	5377.2608522	5377.2608522	3293.4225709	0	1796.4123114	4191.6287266	1497.0102595	1497.0102595	1497.0102595	1497.0102595	1497.0102595
272	20006	6	6	7	10	6	5	2712.6091972	5413.1623535	5413.1623535	5413.1623535	5413.1623535	5413.1623535	5413.1623535	3315.411241	0	1808.4061315	4219.6143067	1507.0051095	1507.0051095	1507.0051095	1507.0051095	1507.0051095
273	20006	6	6	7	10	6	5	2730.653115	5449.1699938	5449.1699938	5449.1699938	5449.1699938	5449.1699938	5449.1699938	3337.4649183	0	1820.43541	4247.6826233	1517.0295083	1517.0295083	1517.0295083	1517.0295083	1517.0295083
274	20006	6	6	7	10	6	5	2748.7501813	5485.2836951	5485.2836951	5485.2836951	5485.2836951	5485.2836951	5485.2836951	3359.5835549	0	1832.5001208	4275.8336153	1527.083434	1527.083434	1527.083434	1527.083434	1527.083434
275	20006	6	6	7	10	6	5	2766.9003571	5521.5033793	5521.5033793	5521.5033793	5521.5033793	5521.5033793	5521.5033793	3381.7671031	0	1844.6002381	4304.0672222	1537.1668651	1537.1668651	1537.1668651	1537.1668651	1537.1668651
276	20006	6	6	7	10	6	5	2785.1036037	5557.8289692	5557.8289692	5557.8289692	5557.8289692	5557.8289692	5557.8289692	3404.0155156	0	1856.7357358	4332.3833835	1547.2797798	1547.2797798	1547.2797798	1547.2797798	1547.2797798
277	20006	6	6	7	10	6	5	2803.3598823	5594.2603874	5594.2603874	5594.2603874	5594.2603874	5594.2603874	5594.2603874	3426.3287451	0	1868.9065882	4360.7820392	1557.4221569	1557.4221569	1557.4221569	1557.4221569	1557.4221569
278	20006	6	6	7	10	6	5	2821.6691546	5630.7975574	5630.7975574	5630.7975574	5630.7975574	5630.7975574	5630.7975574	3448.7067445	0	1881.1127697	4389.2631293	1567.5939748	1567.5939748	1567.5939748	1567.5939748	1567.5939748
279	20006	6	6	7	10	6	5	2840.0313821	5667.4404025	5667.4404025	5667.4404025	5667.4404025	5667.4404025	5667.4404025	3471.149467	0	1893.3542547	4417.8265943	1577.7952123	1577.7952123	1577.7952123	1577.7952123	1577.7952123
280	20006	6	6	7	10	6	5	2858.4465267	5704.1888466	5704.1888466	5704.1888466	5704.1888466	5704.1888466	5704.1888466	3493.656866	0	1905.6310178	4446.4723749	1588.0258482	1588.0258482	1588.0258482	1588.0258482	1588.0258482
281	20006	6	6	7	10	6	5	2876.9145504	5741.042814	5741.042814	5741.042814	5741.042814	5741.042814	5741.042814	3516.228895	0	1917.9430336	4475.2004118	1598.2858614	1598.2858614	1598.2858614	1598.2858614	1598.2858614
282	20006	6	6	7	10	6	5	2895.4354155	5778.0022291	5778.0022291	5778.0022291	5778.0022291	5778.0022291	5778.0022291	3538.8655078	0	1930.290277	4504.0106463	1608.5752308	1608.5752308	1608.5752308	1608.5752308	1608.5752308
283	20006	6	6	7	10	6	5	2914.0090842	5815.0670168	5815.0670168	5815.0670168	5815.0670168	5815.0670168	5815.0670168	3561.5666584	0	1942.6727228	4532.9030198	1618.8939356	1618.8939356	1618.8939356	1618.8939356	1618.8939356
284	20006	6	6	7	10	6	5	2932.635519	5852.2371023	5852.2371023	5852.2371023	5852.2371023	5852.2371023	5852.2371023	3584.332301	0	1955.090346	4561.877474	1629.241955	1629.241955	1629.241955	1629.241955	1629.241955
285	20006	6	6	7	10	6	5	2951.3146826	5889.512411	5889.512411	5889.512411	5889.512411	5889.512411	5889.512411	3607.1623898	0	1967.5431217	4590.9339507	1639.6192681	1639.6192681	1639.6192681	1639.6192681	1639.6192681
286	20006	6	6	7	10	6	5	2970.0465378	5926.8928687	5926.8928687	5926.8928687	5926.8928687	5926.8928687	5926.8928687	3630.0568795	0	1980.0310252	4620.0723921	1650.0258543	1650.0258543	1650.0258543	1650.0258543	1650.0258543
287	20006	6	6	7	10	6	5	2988.8310476	5964.3784016	5964.3784016	5964.3784016	5964.3784016	5964.3784016	5964.3784016	3653.0157248	0	1992.5540317	4649.2927407	1660.4616931	1660.4616931	1660.4616931	1660.4616931	1660.4616931
288	20006	6	6	7	10	6	5	3007.6681751	6001.968936	6001.968936	6001.968936	6001.968936	6001.968936	6001.968936	3676.0388806	0	2005.1121167	4678.594939	1670.9267639	1670.9267639	1670.9267639	1670.9267639	1670.9267639
289	20006	6	6	7	10	6	5	3026.5578836	6039.6643987	6039.6643987	6039.6643987	6039.6643987	6039.6643987	6039.6643987	3699.1263021	0	2017.7052557	4707.97893	1681.4210464	1681.4210464	1681.4210464	1681.4210464	1681.4210464
290	20006	6	6	7	10	6	5	3045.5001365	6077.4647167	6077.4647167	6077.4647167	6077.4647167	6077.4647167	6077.4647167	3722.2779446	0	2030.3334243	4737.4446567	1691.9445203	1691.9445203	1691.9445203	1691.9445203	1691.9445203
291	20006	6	6	7	10	6	5	3064.4948974	6115.3698174	6115.3698174	6115.3698174	6115.3698174	6115.3698174	6115.3698174	3745.4937634	0	2042.9965982	4766.9920626	1702.4971652	1702.4971652	1702.4971652	1702.4971652	1702.4971652
292	20006	6	6	7	10	6	5	3083.54213	6153.3796283	6153.3796283	6153.3796283	6153.3796283	6153.3796283	6153.3796283	3768.7737145	0	2055.6947533	4796.6210911	1713.0789611	1713.0789611	1713.0789611	1713.0789611	1713.0789611
293	20006	6	6	7	10	6	5	3102.6417983	6191.4940775	6191.4940775	6191.4940775	6191.4940775	6191.4940775	6191.4940775	3792.1177535	0	2068.4278655	4826.3316862	1723.6898879	1723.6898879	1723.6898879	1723.6898879	1723.6898879
294	20006	6	6	7	10	6	5	3121.7938662	6229.7130931	6229.7130931	6229.7130931	6229.7130931	6229.7130931	6229.7130931	3815.5258365	0	2081.1959108	4856.1237919	1734.3299257	1734.3299257	1734.3299257	1734.3299257	1734.3299257
295	20006	6	6	7	10	6	5	3140.9982981	6268.0366037	6268.0366037	6268.0366037	6268.0366037	6268.0366037	6268.0366037	3838.9979198	0	2093.9988654	4885.9973525	1744.9990545	1744.9990545	1744.9990545	1744.9990545	1744.9990545
296	20006	6	6	7	10	6	5	3160.255058	6306.464538	6306.464538	6306.464538	6306.464538	6306.464538	6306.464538	3862.5339598	0	2106.8367054	4915.9523125	1755.6972545	1755.6972545	1755.6972545	1755.6972545	1755.6972545
297	20006	6	6	7	10	6	5	3179.5641107	6344.9968253	6344.9968253	6344.9968253	6344.9968253	6344.9968253	6344.9968253	3886.133913	0	2119.7094071	4945.9886166	1766.4245059	1766.4245059	1766.4245059	1766.4245059	1766.4245059
298	20006	6	6	7	10	6	5	3198.9254206	6383.6333949	6383.6333949	6383.6333949	6383.6333949	6383.6333949	6383.6333949	3909.7977363	0	2132.6169471	4976.1062098	1777.1807892	1777.1807892	1777.1807892	1777.1807892	1777.1807892
299	20006	6	6	7	10	6	5	3218.3389525	6422.3741764	6422.3741764	6422.3741764	6422.3741764	6422.3741764	6422.3741764	3933.5253864	0	2145.5593017	5006.3050373	1787.9660847	1787.9660847	1787.9660847	1787.9660847	1787.9660847
300	20006	6	6	7	10	6	5	3237.8046714	6461.2190999	6461.2190999	6461.2190999	6461.2190999	6461.2190999	6461.2190999	3957.3168206	0	2158.5364476	5036.5850444	1798.780373	1798.780373	1798.780373	1798.780373	1798.780373
301	20006	6	6	7	10	6	5	3257.3225423	6500.1680955	6500.1680955	6500.1680955	6500.1680955	6500.1680955	6500.1680955	3981.1719961	0	2171.5483615	5066.9461769	1809.6236346	1809.6236346	1809.6236346	1809.6236346	1809.6236346
302	20006	6	6	7	10	6	5	3276.8925303	6539.2210939	6539.2210939	6539.2210939	6539.2210939	6539.2210939	6539.2210939	4005.0908704	0	2184.5950202	5097.3883805	1820.4958502	1820.4958502	1820.4958502	1820.4958502	1820.4958502
303	20006	6	6	7	10	6	5	3296.5146009	6578.3780258	6578.3780258	6578.3780258	6578.3780258	6578.3780258	6578.3780258	4029.0734011	0	2197.6764006	5127.9116014	1831.3970005	1831.3970005	1831.3970005	1831.3970005	1831.3970005
304	20006	6	6	7	10	6	5	3316.1887194	6617.6388223	6617.6388223	6617.6388223	6617.6388223	6617.6388223	6617.6388223	4053.1195459	0	2210.7924796	5158.5157857	1842.3270663	1842.3270663	1842.3270663	1842.3270663	1842.3270663
305	20006	6	6	7	10	6	5	3335.9148515	6657.0034147	6657.0034147	6657.0034147	6657.0034147	6657.0034147	6657.0034147	4077.2292629	0	2223.9432343	5189.2008801	1853.2860286	1853.2860286	1853.2860286	1853.2860286	1853.2860286
306	20006	6	6	7	10	6	5	3355.6929628	6696.4717347	6696.4717347	6696.4717347	6696.4717347	6696.4717347	6696.4717347	4101.4025101	0	2237.1286419	5219.9668311	1864.2738682	1864.2738682	1864.2738682	1864.2738682	1864.2738682
307	20006	6	6	7	10	6	5	3375.5230193	6736.0437142	6736.0437142	6736.0437142	6736.0437142	6736.0437142	6736.0437142	4125.6392459	0	2250.3486796	5250.8135856	1875.2905663	1875.2905663	1875.2905663	1875.2905663	1875.2905663
308	20006	6	6	7	10	6	5	3395.404987	6775.7192852	6775.7192852	6775.7192852	6775.7192852	6775.7192852	6775.7192852	4149.9394286	0	2263.6033247	5281.7410909	1886.3361039	1886.3361039	1886.3361039	1886.3361039	1886.3361039
309	20006	6	6	7	10	6	5	3415.338832	6815.4983804	6815.4983804	6815.4983804	6815.4983804	6815.4983804	6815.4983804	4174.3030169	0	2276.8925547	5312.7492943	1897.4104622	1897.4104622	1897.4104622	1897.4104622	1897.4104622
310	20006	6	6	7	10	6	5	3435.3245206	6855.3809322	6855.3809322	6855.3809322	6855.3809322	6855.3809322	6855.3809322	4198.7299696	0	2290.2163471	5343.8381432	1908.5136226	1908.5136226	1908.5136226	1908.5136226	1908.5136226
311	20006	6	6	7	10	6	5	3455.3620191	6895.3668738	6895.3668738	6895.3668738	6895.3668738	6895.3668738	6895.3668738	4223.2202456	0	2303.5746794	5375.0075853	1919.6455662	1919.6455662	1919.6455662	1919.6455662	1919.6455662
312	20006	6	6	7	10	6	5	3475.4512942	6935.4561382	6935.4561382	6935.4561382	6935.4561382	6935.4561382	6935.4561382	4247.773804	0	2316.9675295	5406.2575688	1930.8062746	1930.8062746	1930.8062746	1930.8062746	1930.8062746
313	20006	6	6	7	10	6	5	3495.5923124	6975.648659	6975.648659	6975.648659	6975.648659	6975.648659	6975.648659	4272.3906041	0	2330.394875	5437.5880416	1941.9957291	1941.9957291	1941.9957291	1941.9957291	1941.9957291
314	20006	6	6	7	10	6	5	3515.7850406	7015.9443699	7015.9443699	7015.9443699	7015.9443699	7015.9443699	7015.9443699	4297.0706052	0	2343.8566937	5468.9989521	1953.2139114	1953.2139114	1953.2139114	1953.2139114	1953.2139114
315	20006	6	6	7	10	6	5	3536.0294457	7056.3432049	7056.3432049	7056.3432049	7056.3432049	7056.3432049	7056.3432049	4321.8137669	0	2357.3529638	5500.4902488	1964.4608031	1964.4608031	1964.4608031	1964.4608031	1964.4608031
316	20006	6	6	7	10	6	5	3556.3254946	7096.8450982	7096.8450982	7096.8450982	7096.8450982	7096.8450982	7096.8450982	4346.620049	0	2370.8836631	5532.0618805	1975.7363859	1975.7363859	1975.7363859	1975.7363859	1975.7363859
317	20006	6	6	7	10	6	5	3576.6731547	7137.4499842	7137.4499842	7137.4499842	7137.4499842	7137.4499842	7137.4499842	4371.4894113	0	2384.4487698	5563.7137962	1987.0406415	1987.0406415	1987.0406415	1987.0406415	1987.0406415
318	20006	6	6	7	10	6	5	3597.0723931	7178.1577978	7178.1577978	7178.1577978	7178.1577978	7178.1577978	7178.1577978	4396.4218138	0	2398.0482621	5595.4459448	1998.3735517	1998.3735517	1998.3735517	1998.3735517	1998.3735517
319	20006	6	6	7	10	6	5	3617.5231773	7218.9684738	7218.9684738	7218.9684738	7218.9684738	7218.9684738	7218.9684738	4421.4172167	0	2411.6821182	5627.2582758	2009.7350985	2009.7350985	2009.7350985	2009.7350985	2009.7350985
320	20006	6	6	7	10	6	5	3638.0254749	7259.8819476	7259.8819476	7259.8819476	7259.8819476	7259.8819476	7259.8819476	4446.4755804	0	2425.3503166	5659.1507387	2021.1252638	2021.1252638	2021.1252638	2021.1252638	2021.1252638
321	20006	6	6	7	10	6	5	3658.5792534	7300.8981546	7300.8981546	7300.8981546	7300.8981546	7300.8981546	7300.8981546	4471.5968653	0	2439.0528356	5691.1232831	2032.5440297	2032.5440297	2032.5440297	2032.5440297	2032.5440297
322	20006	6	6	7	10	6	5	3679.1844808	7342.0170305	7342.0170305	7342.0170305	7342.0170305	7342.0170305	7342.0170305	4496.781032	0	2452.7896538	5723.175859	2043.9913782	2043.9913782	2043.9913782	2043.9913782	2043.9913782
323	20006	6	6	7	10	6	5	3699.8411248	7383.2385112	7383.2385112	7383.2385112	7383.2385112	7383.2385112	7383.2385112	4522.0280414	0	2466.5607498	5755.3084163	2055.4672915	2055.4672915	2055.4672915	2055.4672915	2055.4672915
324	20006	6	6	7	10	6	5	3720.5491535	7424.562533	7424.562533	7424.562533	7424.562533	7424.562533	7424.562533	4547.3378543	0	2480.3661023	5787.5209054	2066.9717519	2066.9717519	2066.9717519	2066.9717519	2066.9717519
325	20006	6	6	7	10	6	5	3741.3085351	7465.9890322	7465.9890322	7465.9890322	7465.9890322	7465.9890322	7465.9890322	4572.7104318	0	2494.2056901	5819.8132768	2078.5047417	2078.5047417	2078.5047417	2078.5047417	2078.5047417
326	20006	6	6	7	10	6	5	3762.1192378	7507.5179456	7507.5179456	7507.5179456	7507.5179456	7507.5179456	7507.5179456	4598.1457351	0	2508.0794918	5852.185481	2090.0662432	2090.0662432	2090.0662432	2090.0662432	2090.0662432
327	20006	6	6	7	10	6	5	3782.98123	7549.14921	7549.14921	7549.14921	7549.14921	7549.14921	7549.14921	4623.6437255	0	2521.9874866	5884.6374688	2101.6562389	2101.6562389	2101.6562389	2101.6562389	2101.6562389
328	20006	6	6	7	10	6	5	3803.8944801	7590.8827626	7590.8827626	7590.8827626	7590.8827626	7590.8827626	7590.8827626	4649.2043646	0	2535.9296534	5917.1691913	2113.2747112	2113.2747112	2113.2747112	2113.2747112	2113.2747112
329	20006	6	6	7	10	6	5	3824.8589569	7632.7185407	7632.7185407	7632.7185407	7632.7185407	7632.7185407	7632.7185407	4674.827614	0	2549.9059713	5949.7805996	2124.9216427	2124.9216427	2124.9216427	2124.9216427	2124.9216427
330	20006	6	6	7	10	6	5	3845.874629	7674.6564819	7674.6564819	7674.6564819	7674.6564819	7674.6564819	7674.6564819	4700.5134355	0	2563.9164193	5982.4716451	2136.5970161	2136.5970161	2136.5970161	2136.5970161	2136.5970161
331	20006	6	6	7	10	6	5	3866.9414653	7716.6965241	7716.6965241	7716.6965241	7716.6965241	7716.6965241	7716.6965241	4726.2617909	0	2577.9609769	6015.2422793	2148.300814	2148.300814	2148.300814	2148.300814	2148.300814
332	20006	6	6	7	10	6	5	3888.0594347	7758.8386052	7758.8386052	7758.8386052	7758.8386052	7758.8386052	7758.8386052	4752.0726424	0	2592.0396231	6048.0924539	2160.0330193	2160.0330193	2160.0330193	2160.0330193	2160.0330193
333	20006	6	6	7	10	6	5	3909.2285062	7801.0826636	7801.0826636	7801.0826636	7801.0826636	7801.0826636	7801.0826636	4777.9459521	0	2606.1523375	6081.0221208	2171.7936146	2171.7936146	2171.7936146	2171.7936146	2171.7936146
334	20006	6	6	7	10	6	5	3930.4486492	7843.4286377	7843.4286377	7843.4286377	7843.4286377	7843.4286377	7843.4286377	4803.8816823	0	2620.2990995	6114.0312321	2183.5825829	2183.5825829	2183.5825829	2183.5825829	2183.5825829
335	20006	6	6	7	10	6	5	3951.7198328	7885.8764663	7885.8764663	7885.8764663	7885.8764663	7885.8764663	7885.8764663	4829.8797956	0	2634.4798885	6147.1197399	2195.3999071	2195.3999071	2195.3999071	2195.3999071	2195.3999071
336	20006	6	6	7	10	6	5	3973.0420264	7928.4260883	7928.4260883	7928.4260883	7928.4260883	7928.4260883	7928.4260883	4855.9402545	0	2648.6946843	6180.2875966	2207.2455702	2207.2455702	2207.2455702	2207.2455702	2207.2455702
337	20006	6	6	7	10	6	5	3994.4151996	7971.0774428	7971.0774428	7971.0774428	7971.0774428	7971.0774428	7971.0774428	4882.0630218	0	2662.9434664	6213.534755	2219.1195553	2219.1195553	2219.1195553	2219.1195553	2219.1195553
338	20006	6	6	7	10	6	5	4015.839322	8013.8304693	8013.8304693	8013.8304693	8013.8304693	8013.8304693	8013.8304693	4908.2480602	0	2677.2262147	6246.8611676	2231.0218456	2231.0218456	2231.0218456	2231.0218456	2231.0218456
339	20006	6	6	7	10	6	5	4037.3143633	8056.6851072	8056.6851072	8056.6851072	8056.6851072	8056.6851072	8056.6851072	4934.4953329	0	2691.5429089	6280.2667874	2242.9524241	2242.9524241	2242.9524241	2242.9524241	2242.9524241
340	20006	6	6	7	10	6	5	4058.8402934	8099.6412965	8099.6412965	8099.6412965	8099.6412965	8099.6412965	8099.6412965	4960.804803	0	2705.8935289	6313.7515675	2254.9112741	2254.9112741	2254.9112741	2254.9112741	2254.9112741
341	20006	6	6	7	10	6	5	4080.4170821	8142.6989772	8142.6989772	8142.6989772	8142.6989772	8142.6989772	8142.6989772	4987.1764337	0	2720.2780547	6347.315461	2266.8983789	2266.8983789	2266.8983789	2266.8983789	2266.8983789
342	20006	6	6	7	10	6	5	4102.0446996	8185.8580894	8185.8580894	8185.8580894	8185.8580894	8185.8580894	8185.8580894	5013.6101884	0	2734.6964664	6380.9584215	2278.913722	2278.913722	2278.913722	2278.913722	2278.913722
343	20006	6	6	7	10	6	5	4123.7231159	8229.1185735	8229.1185735	8229.1185735	8229.1185735	8229.1185735	8229.1185735	5040.1060306	0	2749.1487439	6414.6804025	2290.9572866	2290.9572866	2290.9572866	2290.9572866	2290.9572866
344	20006	6	6	7	10	6	5	4145.4523014	8272.4803704	8272.4803704	8272.4803704	8272.4803704	8272.4803704	8272.4803704	5066.6639239	0	2763.6348676	6448.4813578	2303.0290563	2303.0290563	2303.0290563	2303.0290563	2303.0290563
345	20006	6	6	7	10	6	5	4167.2322264	8315.9434207	8315.9434207	8315.9434207	8315.9434207	8315.9434207	8315.9434207	5093.2838323	0	2778.1548176	6482.3612411	2315.1290147	2315.1290147	2315.1290147	2315.1290147	2315.1290147
346	20006	6	6	7	10	6	5	4189.0628614	8359.5076656	8359.5076656	8359.5076656	8359.5076656	8359.5076656	8359.5076656	5119.9657195	0	2792.7085743	6516.3200066	2327.2571452	2327.2571452	2327.2571452	2327.2571452	2327.2571452
347	20006	6	6	7	10	6	5	4210.9441769	8403.1730464	8403.1730464	8403.1730464	8403.1730464	8403.1730464	8403.1730464	5146.7095496	0	2807.2961179	6550.3576085	2339.4134316	2339.4134316	2339.4134316	2339.4134316	2339.4134316
348	20006	6	6	7	10	6	5	4232.8761437	8446.9395044	8446.9395044	8446.9395044	8446.9395044	8446.9395044	8446.9395044	5173.5152867	0	2821.9174291	6584.4740012	2351.5978576	2351.5978576	2351.5978576	2351.5978576	2351.5978576
349	20006	6	6	7	10	6	5	4254.8587324	8490.8069815	8490.8069815	8490.8069815	8490.8069815	8490.8069815	8490.8069815	5200.3828951	0	2836.5724882	6618.6691392	2363.8104069	2363.8104069	2363.8104069	2363.8104069	2363.8104069
350	20006	6	6	7	10	6	5	4276.8919139	8534.7754194	8534.7754194	8534.7754194	8534.7754194	8534.7754194	8534.7754194	5227.3123393	0	2851.261276	6652.9429773	2376.0510633	2376.0510633	2376.0510633	2376.0510633	2376.0510633
351	20006	6	6	7	10	6	5	4298.9756594	8578.8447602	8578.8447602	8578.8447602	8578.8447602	8578.8447602	8578.8447602	5254.3035837	0	2865.9837729	6687.2954701	2388.3198108	2388.3198108	2388.3198108	2388.3198108	2388.3198108
352	20006	6	6	7	10	6	5	4321.1099397	8623.0149463	8623.0149463	8623.0149463	8623.0149463	8623.0149463	8623.0149463	5281.3565929	0	2880.7399598	6721.7265728	2400.6166332	2400.6166332	2400.6166332	2400.6166332	2400.6166332
353	20006	6	6	7	10	6	5	4343.2947261	8667.28592	8667.28592	8667.28592	8667.28592	8667.28592	8667.28592	5308.4713319	0	2895.5298174	6756.2362406	2412.9415145	2412.9415145	2412.9415145	2412.9415145	2412.9415145
354	20006	6	6	7	10	6	5	4365.5299898	8711.6576241	8711.6576241	8711.6576241	8711.6576241	8711.6576241	8711.6576241	5335.6477653	0	2910.3533265	6790.8244286	2425.2944388	2425.2944388	2425.2944388	2425.2944388	2425.2944388
355	20006	6	6	7	10	6	5	4387.8157023	8756.1300014	8756.1300014	8756.1300014	8756.1300014	8756.1300014	8756.1300014	5362.8858583	0	2925.2104682	6825.4910924	2437.6753902	2437.6753902	2437.6753902	2437.6753902	2437.6753902
356	20006	6	6	7	10	6	5	4410.1518349	8800.702995	8800.702995	8800.702995	8800.702995	8800.702995	8800.702995	5390.185576	0	2940.1012233	6860.2361877	2450.0843527	2450.0843527	2450.0843527	2450.0843527	2450.0843527
357	20006	6	6	7	10	6	5	4432.5383593	8845.3765481	8845.3765481	8845.3765481	8845.3765481	8845.3765481	8845.3765481	5417.5468836	0	2955.0255729	6895.05967	2462.5213107	2462.5213107	2462.5213107	2462.5213107	2462.5213107
358	20006	6	6	7	10	6	5	4454.9752471	8890.1506042	8890.1506042	8890.1506042	8890.1506042	8890.1506042	8890.1506042	5444.9697465	0	2969.9834981	6929.9614955	2474.9862484	2474.9862484	2474.9862484	2474.9862484	2474.9862484
359	20006	6	6	7	10	6	5	4477.46247	8935.0251069	8935.0251069	8935.0251069	8935.0251069	8935.0251069	8935.0251069	5472.4541301	0	2984.97498	6964.9416201	2487.47915	2487.47915	2487.47915	2487.47915	2487.47915
360	20006	6	6	7	10	6	5	4500	8980	8980	8980	8980	8980	8980	5500	0	3000	7000	2500	2500	2500	2500	2500
